[0m[[0m[0minfo[0m] [0m[0mLoading project definition from /home/rgarcia/Documents/Carrera/Heuristicas-de-Optimizacion-Combinatoria/proyecto2/harvest-scheduling/project[0m
[0m[[0m[0minfo[0m] [0m[0mLoading settings from build.sbt ...[0m
[0m[[0m[0minfo[0m] [0m[0mSet current project to Harvest-Scheduling (in build file:/home/rgarcia/Documents/Carrera/Heuristicas-de-Optimizacion-Combinatoria/proyecto2/harvest-scheduling/)[0m
[0m[[0m[0minfo[0m] [0m[0mCompiling 2 Java sources to /home/rgarcia/Documents/Carrera/Heuristicas-de-Optimizacion-Combinatoria/proyecto2/harvest-scheduling/target/scala-2.12/classes ...[0m
[0m[[0m[0minfo[0m] [0m[0mDone compiling.[0m
[0m[[0m[0minfo[0m] [0m[0mCompiling 4 Java sources to /home/rgarcia/Documents/Carrera/Heuristicas-de-Optimizacion-Combinatoria/proyecto2/harvest-scheduling/target/scala-2.12/classes ...[0m
[0m[[0m[0minfo[0m] [0m[0mDone compiling.[0m
[0m[[0m[0minfo[0m] [0m[0mPackaging /home/rgarcia/Documents/Carrera/Heuristicas-de-Optimizacion-Combinatoria/proyecto2/harvest-scheduling/target/scala-2.12/harvest-scheduling_2.12-0.1.0-SNAPSHOT.jar ...[0m
[0m[[0m[0minfo[0m] [0m[0mDone packaging.[0m
[0m[[0m[0minfo[0m] [0m[0mRunning lol.Main [0m
Semilla: 196959867


Periodo 1
+--+--+--+--+--+--+--+--+--+--+--+--+--+--+--+--+--+--+--+--+--+--+--+--+--+
|24|28|27|28|26|20|20|25|25|22|00|28|26|16|25|00|00|30|27|19|22|00|28|29|24|
+--+--+--+--+--+--+--+--+--+--+--+--+--+--+--+--+--+--+--+--+--+--+--+--+--+
|27|27|16|22|15|16|22|28|26|20|00|21|26|24|19|30|26|21|26|23|23|17|15|27|24|
+--+--+--+--+--+--+--+--+--+--+--+--+--+--+--+--+--+--+--+--+--+--+--+--+--+
|23|26|00|00|28|30|30|27|29|00|00|27|21|22|27|29|29|26|24|30|19|29|30|25|18|
+--+--+--+--+--+--+--+--+--+--+--+--+--+--+--+--+--+--+--+--+--+--+--+--+--+
|17|23|26|25|19|28|20|25|27|15|00|19|26|27|16|20|28|20|21|16|29|29|00|21|29|
+--+--+--+--+--+--+--+--+--+--+--+--+--+--+--+--+--+--+--+--+--+--+--+--+--+
|27|24|22|17|16|27|24|23|16|22|27|27|17|22|19|16|28|30|18|30|23|21|26|19|25|
+--+--+--+--+--+--+--+--+--+--+--+--+--+--+--+--+--+--+--+--+--+--+--+--+--+
|26|27|23|27|26|20|16|27|20|29|16|18|15|23|30|00|18|16|20|25|18|24|25|00|00|
+--+--+--+--+--+--+--+--+--+--+--+--+--+--+--+--+--+--+--+--+--+--+--+--+--+
|30|26|21|16|25|28|20|22|30|28|15|17|17|20|24|21|22|27|28|24|25|25|29|27|24|
+--+--+--+--+--+--+--+--+--+--+--+--+--+--+--+--+--+--+--+--+--+--+--+--+--+
|17|27|27|20|25|23|23|26|18|23|17|15|23|27|17|30|28|27|16|16|22|30|28|20|00|
+--+--+--+--+--+--+--+--+--+--+--+--+--+--+--+--+--+--+--+--+--+--+--+--+--+
|27|23|20|28|27|00|29|28|22|30|27|20|19|27|22|20|19|30|17|20|21|29|22|26|29|
+--+--+--+--+--+--+--+--+--+--+--+--+--+--+--+--+--+--+--+--+--+--+--+--+--+
|20|28|21|23|20|19|00|30|24|16|24|24|17|23|17|25|00|18|23|25|24|23|24|22|30|
+--+--+--+--+--+--+--+--+--+--+--+--+--+--+--+--+--+--+--+--+--+--+--+--+--+
|17|29|23|18|26|27|22|26|25|23|16|20|29|20|17|16|30|25|21|23|20|29|22|17|17|
+--+--+--+--+--+--+--+--+--+--+--+--+--+--+--+--+--+--+--+--+--+--+--+--+--+
|27|21|24|26|30|23|22|16|20|17|24|28|17|25|22|23|29|15|22|30|26|27|25|23|15|
+--+--+--+--+--+--+--+--+--+--+--+--+--+--+--+--+--+--+--+--+--+--+--+--+--+
|25|22|22|00|21|16|26|28|29|17|25|23|18|25|23|15|27|23|15|23|22|21|29|22|22|
+--+--+--+--+--+--+--+--+--+--+--+--+--+--+--+--+--+--+--+--+--+--+--+--+--+
|22|00|15|24|30|23|29|22|21|30|29|28|28|26|25|24|00|15|20|00|28|24|21|30|18|
+--+--+--+--+--+--+--+--+--+--+--+--+--+--+--+--+--+--+--+--+--+--+--+--+--+
|28|15|24|19|22|21|00|15|22|26|28|23|28|20|21|29|28|19|00|18|15|29|15|26|29|
+--+--+--+--+--+--+--+--+--+--+--+--+--+--+--+--+--+--+--+--+--+--+--+--+--+
|17|21|29|20|27|00|18|25|30|16|30|25|25|26|22|27|29|20|22|30|20|18|21|24|15|
+--+--+--+--+--+--+--+--+--+--+--+--+--+--+--+--+--+--+--+--+--+--+--+--+--+
|28|19|15|16|17|15|16|18|30|23|00|30|15|22|27|24|20|30|28|22|17|22|16|30|17|
+--+--+--+--+--+--+--+--+--+--+--+--+--+--+--+--+--+--+--+--+--+--+--+--+--+
|22|16|16|22|28|15|17|19|18|23|15|26|16|17|16|22|21|15|19|21|00|24|28|23|20|
+--+--+--+--+--+--+--+--+--+--+--+--+--+--+--+--+--+--+--+--+--+--+--+--+--+
|29|27|28|15|19|24|24|18|25|19|22|28|17|24|24|16|23|27|25|24|30|22|30|00|15|
+--+--+--+--+--+--+--+--+--+--+--+--+--+--+--+--+--+--+--+--+--+--+--+--+--+
|17|16|17|19|18|28|21|16|21|15|16|15|20|20|23|22|24|16|30|15|20|16|24|15|23|
+--+--+--+--+--+--+--+--+--+--+--+--+--+--+--+--+--+--+--+--+--+--+--+--+--+
|15|21|29|27|00|26|22|29|26|24|26|23|26|00|23|15|18|23|17|24|18|28|29|23|22|
+--+--+--+--+--+--+--+--+--+--+--+--+--+--+--+--+--+--+--+--+--+--+--+--+--+
|28|16|28|23|15|24|17|23|29|16|00|15|21|15|25|25|29|26|25|19|29|23|18|29|25|
+--+--+--+--+--+--+--+--+--+--+--+--+--+--+--+--+--+--+--+--+--+--+--+--+--+
|30|16|17|20|20|18|26|15|24|22|19|27|23|15|28|18|26|19|21|00|16|15|19|30|27|
+--+--+--+--+--+--+--+--+--+--+--+--+--+--+--+--+--+--+--+--+--+--+--+--+--+
|20|20|22|27|28|23|17|19|16|20|19|22|19|30|20|27|18|28|20|19|15|26|00|00|25|
+--+--+--+--+--+--+--+--+--+--+--+--+--+--+--+--+--+--+--+--+--+--+--+--+--+
|30|28|28|15|15|22|27|29|00|21|25|30|25|27|17|27|28|18|20|20|26|17|19|27|30|
+--+--+--+--+--+--+--+--+--+--+--+--+--+--+--+--+--+--+--+--+--+--+--+--+--+

Periodo 2
+--+--+--+--+--+--+--+--+--+--+--+--+--+--+--+--+--+--+--+--+--+--+--+--+--+
|25|29|28|29|27|21|21|00|26|23|01|29|27|17|26|01|01|00|28|20|23|01|29|00|25|
+--+--+--+--+--+--+--+--+--+--+--+--+--+--+--+--+--+--+--+--+--+--+--+--+--+
|28|28|17|23|16|17|23|29|27|21|01|22|27|25|00|31|27|22|00|24|24|18|16|28|25|
+--+--+--+--+--+--+--+--+--+--+--+--+--+--+--+--+--+--+--+--+--+--+--+--+--+
|24|27|01|01|29|31|31|28|30|01|01|28|22|23|28|30|30|27|25|31|20|30|31|26|00|
+--+--+--+--+--+--+--+--+--+--+--+--+--+--+--+--+--+--+--+--+--+--+--+--+--+
|18|24|27|26|20|29|21|26|28|16|01|20|27|28|17|21|29|21|22|17|30|30|01|22|30|
+--+--+--+--+--+--+--+--+--+--+--+--+--+--+--+--+--+--+--+--+--+--+--+--+--+
|28|25|23|18|17|28|25|24|17|23|28|28|18|00|20|17|29|31|19|31|24|22|27|20|26|
+--+--+--+--+--+--+--+--+--+--+--+--+--+--+--+--+--+--+--+--+--+--+--+--+--+
|27|28|24|28|27|21|17|28|00|30|17|19|16|24|00|01|19|17|21|00|19|25|26|01|01|
+--+--+--+--+--+--+--+--+--+--+--+--+--+--+--+--+--+--+--+--+--+--+--+--+--+
|31|27|22|17|26|29|21|23|31|29|16|18|18|21|25|22|23|28|29|25|00|26|30|28|25|
+--+--+--+--+--+--+--+--+--+--+--+--+--+--+--+--+--+--+--+--+--+--+--+--+--+
|18|28|28|21|26|24|24|27|19|24|18|16|24|28|18|31|00|28|17|17|23|31|29|21|01|
+--+--+--+--+--+--+--+--+--+--+--+--+--+--+--+--+--+--+--+--+--+--+--+--+--+
|28|24|21|29|28|01|30|29|23|31|28|21|20|28|23|21|20|31|18|21|22|30|23|27|30|
+--+--+--+--+--+--+--+--+--+--+--+--+--+--+--+--+--+--+--+--+--+--+--+--+--+
|21|29|22|24|21|00|01|31|25|17|25|00|18|24|18|00|01|19|24|26|25|24|25|23|31|
+--+--+--+--+--+--+--+--+--+--+--+--+--+--+--+--+--+--+--+--+--+--+--+--+--+
|18|30|24|19|27|28|23|27|26|24|17|21|30|21|18|17|31|26|22|24|21|30|23|18|18|
+--+--+--+--+--+--+--+--+--+--+--+--+--+--+--+--+--+--+--+--+--+--+--+--+--+
|28|22|25|27|31|24|23|17|21|18|25|29|18|26|23|24|30|16|23|31|27|28|26|24|16|
+--+--+--+--+--+--+--+--+--+--+--+--+--+--+--+--+--+--+--+--+--+--+--+--+--+
|26|23|23|01|22|17|27|29|30|18|26|24|19|26|24|16|28|24|16|24|23|22|30|23|23|
+--+--+--+--+--+--+--+--+--+--+--+--+--+--+--+--+--+--+--+--+--+--+--+--+--+
|23|01|16|25|31|24|30|23|22|31|30|29|29|27|26|25|01|16|21|01|29|25|22|31|19|
+--+--+--+--+--+--+--+--+--+--+--+--+--+--+--+--+--+--+--+--+--+--+--+--+--+
|29|16|25|20|23|22|01|16|23|00|29|24|29|00|22|30|29|20|01|19|16|30|16|27|30|
+--+--+--+--+--+--+--+--+--+--+--+--+--+--+--+--+--+--+--+--+--+--+--+--+--+
|18|22|30|21|28|01|19|26|31|17|31|26|00|27|23|28|00|21|23|31|21|19|22|25|16|
+--+--+--+--+--+--+--+--+--+--+--+--+--+--+--+--+--+--+--+--+--+--+--+--+--+
|29|20|16|17|18|16|17|00|31|24|01|31|16|23|28|25|00|31|29|23|18|23|17|31|18|
+--+--+--+--+--+--+--+--+--+--+--+--+--+--+--+--+--+--+--+--+--+--+--+--+--+
|23|17|17|23|29|16|18|20|19|24|16|27|17|18|17|23|22|00|20|22|01|25|29|24|21|
+--+--+--+--+--+--+--+--+--+--+--+--+--+--+--+--+--+--+--+--+--+--+--+--+--+
|30|28|29|16|20|25|25|19|26|20|23|29|18|25|25|17|24|28|26|25|31|23|31|01|16|
+--+--+--+--+--+--+--+--+--+--+--+--+--+--+--+--+--+--+--+--+--+--+--+--+--+
|18|00|18|20|19|29|00|17|00|16|17|16|21|21|24|23|25|17|31|16|21|17|25|16|00|
+--+--+--+--+--+--+--+--+--+--+--+--+--+--+--+--+--+--+--+--+--+--+--+--+--+
|16|22|30|28|01|27|00|30|27|25|27|24|27|01|24|16|19|24|18|25|19|29|30|24|23|
+--+--+--+--+--+--+--+--+--+--+--+--+--+--+--+--+--+--+--+--+--+--+--+--+--+
|29|17|29|00|16|25|18|24|30|17|01|16|00|16|26|26|30|27|26|20|30|24|19|30|26|
+--+--+--+--+--+--+--+--+--+--+--+--+--+--+--+--+--+--+--+--+--+--+--+--+--+
|31|17|18|21|00|19|27|16|25|23|20|28|24|16|29|19|27|20|22|01|17|16|20|31|28|
+--+--+--+--+--+--+--+--+--+--+--+--+--+--+--+--+--+--+--+--+--+--+--+--+--+
|21|21|23|28|29|24|18|20|17|21|00|23|20|31|21|28|19|29|21|20|16|27|01|01|26|
+--+--+--+--+--+--+--+--+--+--+--+--+--+--+--+--+--+--+--+--+--+--+--+--+--+
|31|29|29|16|16|23|28|30|01|22|26|31|26|28|18|28|29|19|21|21|27|18|20|28|31|
+--+--+--+--+--+--+--+--+--+--+--+--+--+--+--+--+--+--+--+--+--+--+--+--+--+

Periodo 3
+--+--+--+--+--+--+--+--+--+--+--+--+--+--+--+--+--+--+--+--+--+--+--+--+--+
|26|30|29|30|28|00|22|01|27|24|02|30|28|18|27|02|02|01|29|21|24|02|30|01|26|
+--+--+--+--+--+--+--+--+--+--+--+--+--+--+--+--+--+--+--+--+--+--+--+--+--+
|29|29|18|24|17|18|24|30|28|22|02|23|28|26|01|32|28|23|01|00|25|19|17|29|26|
+--+--+--+--+--+--+--+--+--+--+--+--+--+--+--+--+--+--+--+--+--+--+--+--+--+
|25|28|02|02|30|32|32|29|31|02|02|29|23|24|29|31|31|28|26|32|21|31|32|27|01|
+--+--+--+--+--+--+--+--+--+--+--+--+--+--+--+--+--+--+--+--+--+--+--+--+--+
|19|25|28|27|21|30|22|27|29|17|02|21|28|29|18|22|30|22|23|18|31|31|02|23|31|
+--+--+--+--+--+--+--+--+--+--+--+--+--+--+--+--+--+--+--+--+--+--+--+--+--+
|00|26|24|19|18|29|26|25|18|24|29|29|19|01|21|18|30|32|20|32|25|23|28|21|27|
+--+--+--+--+--+--+--+--+--+--+--+--+--+--+--+--+--+--+--+--+--+--+--+--+--+
|28|00|25|00|28|22|18|29|01|31|18|20|17|25|01|02|00|18|22|01|20|26|27|02|02|
+--+--+--+--+--+--+--+--+--+--+--+--+--+--+--+--+--+--+--+--+--+--+--+--+--+
|32|28|23|00|27|30|00|24|00|30|17|19|19|22|26|23|24|29|00|26|01|27|31|29|26|
+--+--+--+--+--+--+--+--+--+--+--+--+--+--+--+--+--+--+--+--+--+--+--+--+--+
|19|29|29|22|27|25|25|28|20|25|19|17|25|29|19|32|01|29|00|18|24|32|30|22|02|
+--+--+--+--+--+--+--+--+--+--+--+--+--+--+--+--+--+--+--+--+--+--+--+--+--+
|29|25|22|30|29|02|31|30|24|32|29|22|21|29|24|22|21|32|19|22|23|31|24|28|31|
+--+--+--+--+--+--+--+--+--+--+--+--+--+--+--+--+--+--+--+--+--+--+--+--+--+
|22|30|23|25|22|01|02|32|26|18|26|01|19|00|19|01|02|20|25|27|26|25|26|24|32|
+--+--+--+--+--+--+--+--+--+--+--+--+--+--+--+--+--+--+--+--+--+--+--+--+--+
|19|00|25|20|28|29|24|00|27|25|18|22|31|22|19|18|32|27|23|25|22|31|24|19|19|
+--+--+--+--+--+--+--+--+--+--+--+--+--+--+--+--+--+--+--+--+--+--+--+--+--+
|29|23|26|28|32|25|24|18|22|19|26|00|19|00|24|25|31|17|24|32|28|29|27|25|17|
+--+--+--+--+--+--+--+--+--+--+--+--+--+--+--+--+--+--+--+--+--+--+--+--+--+
|27|24|24|02|23|18|28|30|31|19|27|25|20|27|25|17|29|00|17|25|24|23|31|24|24|
+--+--+--+--+--+--+--+--+--+--+--+--+--+--+--+--+--+--+--+--+--+--+--+--+--+
|24|02|17|26|32|25|00|24|00|32|31|30|30|28|27|26|02|17|22|02|30|26|23|32|20|
+--+--+--+--+--+--+--+--+--+--+--+--+--+--+--+--+--+--+--+--+--+--+--+--+--+
|30|17|26|21|24|23|02|17|24|01|30|25|30|01|23|31|30|21|02|20|17|31|17|28|31|
+--+--+--+--+--+--+--+--+--+--+--+--+--+--+--+--+--+--+--+--+--+--+--+--+--+
|19|23|31|22|29|02|20|27|32|18|32|27|01|28|00|29|01|22|24|32|22|20|23|26|17|
+--+--+--+--+--+--+--+--+--+--+--+--+--+--+--+--+--+--+--+--+--+--+--+--+--+
|30|21|17|18|00|17|18|01|32|25|02|32|17|24|29|26|01|32|30|24|19|24|18|32|19|
+--+--+--+--+--+--+--+--+--+--+--+--+--+--+--+--+--+--+--+--+--+--+--+--+--+
|00|18|18|00|30|17|19|21|20|25|17|28|18|19|18|24|23|01|21|23|02|26|30|25|22|
+--+--+--+--+--+--+--+--+--+--+--+--+--+--+--+--+--+--+--+--+--+--+--+--+--+
|31|29|30|17|21|26|26|20|00|21|24|30|19|26|26|18|25|29|27|26|32|24|32|02|17|
+--+--+--+--+--+--+--+--+--+--+--+--+--+--+--+--+--+--+--+--+--+--+--+--+--+
|19|01|19|21|20|30|01|18|01|17|18|17|22|22|25|24|26|18|32|17|22|18|26|17|01|
+--+--+--+--+--+--+--+--+--+--+--+--+--+--+--+--+--+--+--+--+--+--+--+--+--+
|17|23|31|29|02|28|01|31|28|26|28|25|28|02|25|17|20|25|19|26|20|30|31|25|24|
+--+--+--+--+--+--+--+--+--+--+--+--+--+--+--+--+--+--+--+--+--+--+--+--+--+
|30|18|30|01|17|26|19|25|31|18|02|17|01|17|27|27|31|28|27|21|31|25|20|31|27|
+--+--+--+--+--+--+--+--+--+--+--+--+--+--+--+--+--+--+--+--+--+--+--+--+--+
|32|18|19|22|01|20|28|17|26|24|21|29|25|17|30|20|28|21|23|02|18|17|21|32|00|
+--+--+--+--+--+--+--+--+--+--+--+--+--+--+--+--+--+--+--+--+--+--+--+--+--+
|22|22|24|29|30|25|19|21|18|22|01|24|00|32|22|29|20|30|22|21|17|28|02|02|00|
+--+--+--+--+--+--+--+--+--+--+--+--+--+--+--+--+--+--+--+--+--+--+--+--+--+
|32|30|30|17|17|24|29|31|02|23|27|32|27|29|19|29|30|20|22|22|28|19|21|29|32|
+--+--+--+--+--+--+--+--+--+--+--+--+--+--+--+--+--+--+--+--+--+--+--+--+--+

Periodo 4
+--+--+--+--+--+--+--+--+--+--+--+--+--+--+--+--+--+--+--+--+--+--+--+--+--+
|27|31|30|31|29|01|00|02|28|25|03|31|29|19|28|03|03|02|30|22|25|03|31|02|27|
+--+--+--+--+--+--+--+--+--+--+--+--+--+--+--+--+--+--+--+--+--+--+--+--+--+
|30|30|19|25|18|19|25|31|29|23|03|24|29|27|02|33|29|24|02|01|26|20|18|30|27|
+--+--+--+--+--+--+--+--+--+--+--+--+--+--+--+--+--+--+--+--+--+--+--+--+--+
|26|29|03|03|31|00|33|30|32|03|03|30|24|25|30|32|32|29|27|33|22|32|33|28|02|
+--+--+--+--+--+--+--+--+--+--+--+--+--+--+--+--+--+--+--+--+--+--+--+--+--+
|20|26|29|28|22|31|23|28|30|18|03|22|29|30|19|23|31|23|24|19|32|32|03|24|32|
+--+--+--+--+--+--+--+--+--+--+--+--+--+--+--+--+--+--+--+--+--+--+--+--+--+
|01|27|25|20|19|00|27|00|19|25|30|30|20|02|22|19|31|33|21|33|26|24|29|22|28|
+--+--+--+--+--+--+--+--+--+--+--+--+--+--+--+--+--+--+--+--+--+--+--+--+--+
|29|01|26|01|29|23|19|30|02|32|19|21|18|26|02|03|01|19|23|02|21|27|28|03|03|
+--+--+--+--+--+--+--+--+--+--+--+--+--+--+--+--+--+--+--+--+--+--+--+--+--+
|33|29|24|01|28|31|01|25|01|31|00|20|20|23|27|24|25|30|01|27|02|28|32|30|00|
+--+--+--+--+--+--+--+--+--+--+--+--+--+--+--+--+--+--+--+--+--+--+--+--+--+
|20|30|30|23|28|26|26|29|21|26|20|18|26|30|20|33|02|30|01|19|25|33|31|23|03|
+--+--+--+--+--+--+--+--+--+--+--+--+--+--+--+--+--+--+--+--+--+--+--+--+--+
|30|26|23|31|30|03|00|31|25|33|30|23|00|00|25|00|22|33|20|23|24|32|25|29|32|
+--+--+--+--+--+--+--+--+--+--+--+--+--+--+--+--+--+--+--+--+--+--+--+--+--+
|23|31|00|26|23|02|03|33|27|19|27|02|20|01|20|02|03|21|26|28|27|26|27|25|33|
+--+--+--+--+--+--+--+--+--+--+--+--+--+--+--+--+--+--+--+--+--+--+--+--+--+
|20|01|26|21|29|30|25|01|28|00|19|23|32|23|20|19|33|28|24|26|23|32|25|20|20|
+--+--+--+--+--+--+--+--+--+--+--+--+--+--+--+--+--+--+--+--+--+--+--+--+--+
|30|24|27|29|33|26|25|19|23|20|27|01|20|01|25|26|32|18|25|33|29|30|28|00|18|
+--+--+--+--+--+--+--+--+--+--+--+--+--+--+--+--+--+--+--+--+--+--+--+--+--+
|28|25|25|03|24|19|29|31|32|20|28|26|21|28|00|18|30|01|00|00|25|24|00|25|25|
+--+--+--+--+--+--+--+--+--+--+--+--+--+--+--+--+--+--+--+--+--+--+--+--+--+
|25|03|18|27|33|26|01|25|01|33|32|31|31|00|28|27|03|18|23|03|31|27|24|33|21|
+--+--+--+--+--+--+--+--+--+--+--+--+--+--+--+--+--+--+--+--+--+--+--+--+--+
|31|18|27|22|25|00|03|18|25|02|31|26|31|02|24|32|31|22|03|21|18|32|18|29|32|
+--+--+--+--+--+--+--+--+--+--+--+--+--+--+--+--+--+--+--+--+--+--+--+--+--+
|20|24|32|23|30|03|21|00|33|19|33|28|02|29|01|00|02|23|25|33|23|21|24|27|00|
+--+--+--+--+--+--+--+--+--+--+--+--+--+--+--+--+--+--+--+--+--+--+--+--+--+
|31|00|18|19|01|18|00|02|33|26|03|33|18|25|30|27|02|33|31|25|20|00|19|33|20|
+--+--+--+--+--+--+--+--+--+--+--+--+--+--+--+--+--+--+--+--+--+--+--+--+--+
|01|19|19|01|31|18|20|22|21|26|18|29|19|20|19|25|24|02|22|24|03|27|31|26|23|
+--+--+--+--+--+--+--+--+--+--+--+--+--+--+--+--+--+--+--+--+--+--+--+--+--+
|32|30|31|18|22|27|27|21|01|22|25|31|20|27|27|19|26|30|28|00|33|25|33|03|18|
+--+--+--+--+--+--+--+--+--+--+--+--+--+--+--+--+--+--+--+--+--+--+--+--+--+
|20|02|20|22|21|31|02|19|02|18|19|18|23|23|26|25|27|00|33|18|23|19|27|18|02|
+--+--+--+--+--+--+--+--+--+--+--+--+--+--+--+--+--+--+--+--+--+--+--+--+--+
|18|24|32|30|03|29|02|32|29|27|29|26|29|03|26|18|21|26|20|27|21|31|32|26|25|
+--+--+--+--+--+--+--+--+--+--+--+--+--+--+--+--+--+--+--+--+--+--+--+--+--+
|31|19|31|02|18|27|20|26|32|00|03|18|02|18|28|28|00|29|28|22|32|26|21|32|28|
+--+--+--+--+--+--+--+--+--+--+--+--+--+--+--+--+--+--+--+--+--+--+--+--+--+
|33|19|00|23|02|21|29|00|27|25|22|30|26|18|31|21|29|22|24|03|19|18|22|33|01|
+--+--+--+--+--+--+--+--+--+--+--+--+--+--+--+--+--+--+--+--+--+--+--+--+--+
|23|23|00|00|31|26|20|22|19|23|02|25|01|33|23|30|21|31|23|22|18|29|03|03|01|
+--+--+--+--+--+--+--+--+--+--+--+--+--+--+--+--+--+--+--+--+--+--+--+--+--+
|33|31|31|18|18|25|30|32|03|24|28|33|28|30|20|30|31|21|23|23|29|20|22|30|33|
+--+--+--+--+--+--+--+--+--+--+--+--+--+--+--+--+--+--+--+--+--+--+--+--+--+

Periodo 5
+--+--+--+--+--+--+--+--+--+--+--+--+--+--+--+--+--+--+--+--+--+--+--+--+--+
|28|32|31|32|30|02|01|03|00|26|04|32|30|20|29|04|04|03|31|23|26|04|32|03|28|
+--+--+--+--+--+--+--+--+--+--+--+--+--+--+--+--+--+--+--+--+--+--+--+--+--+
|00|31|20|26|19|20|26|32|30|24|04|25|30|28|03|00|30|25|03|02|27|00|19|31|28|
+--+--+--+--+--+--+--+--+--+--+--+--+--+--+--+--+--+--+--+--+--+--+--+--+--+
|27|30|04|04|00|01|34|31|33|04|04|00|25|26|31|33|33|30|28|34|23|33|34|29|03|
+--+--+--+--+--+--+--+--+--+--+--+--+--+--+--+--+--+--+--+--+--+--+--+--+--+
|21|00|30|29|23|32|24|29|31|19|04|23|30|31|00|24|00|24|25|20|33|33|04|25|00|
+--+--+--+--+--+--+--+--+--+--+--+--+--+--+--+--+--+--+--+--+--+--+--+--+--+
|02|28|26|21|20|01|28|01|20|00|31|31|21|03|23|20|32|34|22|34|27|25|30|00|29|
+--+--+--+--+--+--+--+--+--+--+--+--+--+--+--+--+--+--+--+--+--+--+--+--+--+
|30|02|27|02|30|24|20|31|03|33|20|22|19|27|03|04|02|20|24|03|22|00|29|04|04|
+--+--+--+--+--+--+--+--+--+--+--+--+--+--+--+--+--+--+--+--+--+--+--+--+--+
|00|30|25|02|29|32|02|26|02|32|01|21|21|24|28|25|26|31|02|28|03|29|33|31|01|
+--+--+--+--+--+--+--+--+--+--+--+--+--+--+--+--+--+--+--+--+--+--+--+--+--+
|21|31|31|24|29|27|27|30|22|27|21|19|27|31|21|34|03|00|02|00|26|34|32|24|04|
+--+--+--+--+--+--+--+--+--+--+--+--+--+--+--+--+--+--+--+--+--+--+--+--+--+
|31|27|24|32|31|04|01|32|26|34|31|24|01|01|26|01|23|34|21|24|25|33|26|00|33|
+--+--+--+--+--+--+--+--+--+--+--+--+--+--+--+--+--+--+--+--+--+--+--+--+--+
|24|32|01|27|24|03|04|34|28|20|28|03|00|02|21|03|04|22|27|29|28|00|28|26|34|
+--+--+--+--+--+--+--+--+--+--+--+--+--+--+--+--+--+--+--+--+--+--+--+--+--+
|21|02|27|22|30|31|26|02|29|01|20|24|33|24|21|20|34|29|25|27|24|33|26|21|21|
+--+--+--+--+--+--+--+--+--+--+--+--+--+--+--+--+--+--+--+--+--+--+--+--+--+
|31|25|28|30|34|27|26|20|24|21|28|02|21|02|26|27|33|19|26|34|30|31|29|01|19|
+--+--+--+--+--+--+--+--+--+--+--+--+--+--+--+--+--+--+--+--+--+--+--+--+--+
|29|26|26|04|25|00|30|32|33|21|29|27|22|29|01|19|31|02|01|01|26|25|01|00|26|
+--+--+--+--+--+--+--+--+--+--+--+--+--+--+--+--+--+--+--+--+--+--+--+--+--+
|26|04|19|28|00|00|02|26|02|34|33|32|32|01|29|28|04|19|00|04|32|28|25|00|22|
+--+--+--+--+--+--+--+--+--+--+--+--+--+--+--+--+--+--+--+--+--+--+--+--+--+
|32|19|28|23|26|01|04|19|26|03|32|27|32|03|25|33|32|23|04|22|19|33|19|30|33|
+--+--+--+--+--+--+--+--+--+--+--+--+--+--+--+--+--+--+--+--+--+--+--+--+--+
|21|25|33|24|31|04|22|01|34|20|34|29|03|30|02|01|03|24|26|00|24|22|25|28|01|
+--+--+--+--+--+--+--+--+--+--+--+--+--+--+--+--+--+--+--+--+--+--+--+--+--+
|32|01|19|20|02|19|01|03|34|27|04|34|19|26|31|28|03|34|32|26|21|01|20|34|21|
+--+--+--+--+--+--+--+--+--+--+--+--+--+--+--+--+--+--+--+--+--+--+--+--+--+
|02|00|20|02|32|00|21|23|00|27|00|30|20|21|20|26|25|03|23|25|04|28|32|27|24|
+--+--+--+--+--+--+--+--+--+--+--+--+--+--+--+--+--+--+--+--+--+--+--+--+--+
|00|31|32|19|23|28|28|22|02|23|26|32|21|28|28|20|27|31|29|01|34|26|34|04|19|
+--+--+--+--+--+--+--+--+--+--+--+--+--+--+--+--+--+--+--+--+--+--+--+--+--+
|21|03|21|00|22|32|03|20|03|19|20|19|00|24|27|26|28|01|34|19|24|20|28|00|03|
+--+--+--+--+--+--+--+--+--+--+--+--+--+--+--+--+--+--+--+--+--+--+--+--+--+
|19|25|33|31|04|30|03|33|30|28|30|27|30|04|27|19|22|27|21|28|22|32|33|27|26|
+--+--+--+--+--+--+--+--+--+--+--+--+--+--+--+--+--+--+--+--+--+--+--+--+--+
|32|20|32|03|19|28|21|27|33|01|04|00|03|19|29|29|01|30|29|23|33|27|22|33|29|
+--+--+--+--+--+--+--+--+--+--+--+--+--+--+--+--+--+--+--+--+--+--+--+--+--+
|34|20|01|24|03|22|30|01|28|26|23|31|27|19|32|22|30|23|25|04|20|19|23|34|02|
+--+--+--+--+--+--+--+--+--+--+--+--+--+--+--+--+--+--+--+--+--+--+--+--+--+
|24|24|01|01|32|27|21|00|20|24|03|26|02|34|24|31|22|32|24|23|19|30|04|04|02|
+--+--+--+--+--+--+--+--+--+--+--+--+--+--+--+--+--+--+--+--+--+--+--+--+--+
|34|32|00|19|19|00|31|33|04|25|29|34|29|31|21|31|32|22|24|24|30|21|23|31|34|
+--+--+--+--+--+--+--+--+--+--+--+--+--+--+--+--+--+--+--+--+--+--+--+--+--+

Periodo 6
+--+--+--+--+--+--+--+--+--+--+--+--+--+--+--+--+--+--+--+--+--+--+--+--+--+
|29|33|32|33|31|03|02|04|01|27|05|33|31|21|30|05|05|04|32|24|27|05|33|04|29|
+--+--+--+--+--+--+--+--+--+--+--+--+--+--+--+--+--+--+--+--+--+--+--+--+--+
|01|32|21|27|20|21|27|33|31|25|05|00|31|29|04|01|31|26|04|03|28|01|20|00|29|
+--+--+--+--+--+--+--+--+--+--+--+--+--+--+--+--+--+--+--+--+--+--+--+--+--+
|28|31|05|05|01|02|35|32|00|05|05|01|26|27|32|34|34|31|29|35|24|00|35|30|04|
+--+--+--+--+--+--+--+--+--+--+--+--+--+--+--+--+--+--+--+--+--+--+--+--+--+
|22|01|00|30|24|33|25|30|32|20|05|24|31|32|01|25|01|25|26|21|34|34|05|26|01|
+--+--+--+--+--+--+--+--+--+--+--+--+--+--+--+--+--+--+--+--+--+--+--+--+--+
|03|29|27|22|21|02|29|02|00|01|32|32|22|04|24|21|33|35|00|35|28|26|31|01|30|
+--+--+--+--+--+--+--+--+--+--+--+--+--+--+--+--+--+--+--+--+--+--+--+--+--+
|31|03|28|03|31|25|21|32|04|34|21|23|20|28|04|05|03|21|25|04|23|01|30|05|05|
+--+--+--+--+--+--+--+--+--+--+--+--+--+--+--+--+--+--+--+--+--+--+--+--+--+
|01|31|26|03|30|33|03|00|03|33|02|22|22|25|29|26|27|00|03|29|04|30|34|32|02|
+--+--+--+--+--+--+--+--+--+--+--+--+--+--+--+--+--+--+--+--+--+--+--+--+--+
|22|32|32|25|30|28|28|31|23|28|22|00|28|32|22|35|04|01|03|01|27|35|33|25|05|
+--+--+--+--+--+--+--+--+--+--+--+--+--+--+--+--+--+--+--+--+--+--+--+--+--+
|00|00|00|00|32|05|02|33|27|35|32|25|02|02|27|02|24|35|22|25|26|34|27|01|34|
+--+--+--+--+--+--+--+--+--+--+--+--+--+--+--+--+--+--+--+--+--+--+--+--+--+
|25|33|02|28|00|04|05|35|00|21|29|04|01|03|22|04|05|23|28|00|29|01|29|27|35|
+--+--+--+--+--+--+--+--+--+--+--+--+--+--+--+--+--+--+--+--+--+--+--+--+--+
|00|03|28|23|31|32|27|03|30|02|21|25|34|25|22|21|35|30|26|00|25|34|27|22|00|
+--+--+--+--+--+--+--+--+--+--+--+--+--+--+--+--+--+--+--+--+--+--+--+--+--+
|32|00|29|31|35|28|27|21|25|22|29|03|22|03|27|28|34|20|27|35|31|32|30|02|20|
+--+--+--+--+--+--+--+--+--+--+--+--+--+--+--+--+--+--+--+--+--+--+--+--+--+
|30|27|27|05|26|01|31|33|34|00|30|28|23|30|02|20|32|03|02|02|27|26|02|01|27|
+--+--+--+--+--+--+--+--+--+--+--+--+--+--+--+--+--+--+--+--+--+--+--+--+--+
|27|05|20|29|01|01|03|27|03|35|34|33|33|02|30|29|05|20|01|05|33|29|26|01|23|
+--+--+--+--+--+--+--+--+--+--+--+--+--+--+--+--+--+--+--+--+--+--+--+--+--+
|33|20|29|24|27|02|05|20|27|04|33|00|33|04|26|34|33|24|05|23|20|34|20|31|34|
+--+--+--+--+--+--+--+--+--+--+--+--+--+--+--+--+--+--+--+--+--+--+--+--+--+
|22|26|34|25|32|05|23|02|35|21|35|30|04|31|03|02|04|25|27|01|25|23|26|29|02|
+--+--+--+--+--+--+--+--+--+--+--+--+--+--+--+--+--+--+--+--+--+--+--+--+--+
|33|02|20|21|03|20|02|04|35|28|05|35|20|27|32|29|04|35|00|27|22|02|21|35|22|
+--+--+--+--+--+--+--+--+--+--+--+--+--+--+--+--+--+--+--+--+--+--+--+--+--+
|03|01|21|03|33|01|22|24|01|28|01|31|21|22|21|27|26|04|24|26|05|29|33|28|25|
+--+--+--+--+--+--+--+--+--+--+--+--+--+--+--+--+--+--+--+--+--+--+--+--+--+
|01|32|33|20|24|29|29|23|03|24|27|33|22|29|29|21|28|32|30|02|35|27|35|05|20|
+--+--+--+--+--+--+--+--+--+--+--+--+--+--+--+--+--+--+--+--+--+--+--+--+--+
|22|04|22|01|23|33|04|21|04|20|21|20|01|00|28|27|29|02|35|20|25|21|29|01|04|
+--+--+--+--+--+--+--+--+--+--+--+--+--+--+--+--+--+--+--+--+--+--+--+--+--+
|20|26|34|32|05|31|04|34|31|29|00|28|00|05|28|20|23|28|22|29|23|00|34|28|27|
+--+--+--+--+--+--+--+--+--+--+--+--+--+--+--+--+--+--+--+--+--+--+--+--+--+
|33|21|33|04|20|00|22|28|34|02|05|01|04|20|30|30|02|31|30|24|34|28|23|34|30|
+--+--+--+--+--+--+--+--+--+--+--+--+--+--+--+--+--+--+--+--+--+--+--+--+--+
|35|21|02|00|04|23|31|02|29|27|24|32|28|20|33|23|31|24|26|05|21|20|00|35|03|
+--+--+--+--+--+--+--+--+--+--+--+--+--+--+--+--+--+--+--+--+--+--+--+--+--+
|25|25|02|02|33|28|22|01|21|25|04|27|03|35|25|32|23|33|25|24|20|31|05|05|03|
+--+--+--+--+--+--+--+--+--+--+--+--+--+--+--+--+--+--+--+--+--+--+--+--+--+
|35|33|01|20|20|01|32|34|05|26|30|35|30|32|22|32|33|23|25|25|31|22|24|00|35|
+--+--+--+--+--+--+--+--+--+--+--+--+--+--+--+--+--+--+--+--+--+--+--+--+--+

Periodo 7
+--+--+--+--+--+--+--+--+--+--+--+--+--+--+--+--+--+--+--+--+--+--+--+--+--+
|30|34|33|34|32|04|03|05|02|28|06|34|00|22|31|06|06|05|33|00|28|06|34|05|30|
+--+--+--+--+--+--+--+--+--+--+--+--+--+--+--+--+--+--+--+--+--+--+--+--+--+
|02|33|22|28|21|22|28|34|32|00|06|01|32|30|05|02|32|27|05|04|00|02|21|01|30|
+--+--+--+--+--+--+--+--+--+--+--+--+--+--+--+--+--+--+--+--+--+--+--+--+--+
|29|32|06|06|02|03|36|33|01|06|06|02|27|28|33|35|35|32|30|00|25|01|36|31|05|
+--+--+--+--+--+--+--+--+--+--+--+--+--+--+--+--+--+--+--+--+--+--+--+--+--+
|23|02|01|31|25|34|26|31|33|21|06|25|32|33|02|26|02|26|27|22|35|35|06|27|02|
+--+--+--+--+--+--+--+--+--+--+--+--+--+--+--+--+--+--+--+--+--+--+--+--+--+
|04|30|28|23|22|03|30|03|01|02|33|33|23|05|25|22|34|36|01|36|29|27|32|02|00|
+--+--+--+--+--+--+--+--+--+--+--+--+--+--+--+--+--+--+--+--+--+--+--+--+--+
|32|04|29|04|32|00|00|33|05|35|22|24|21|29|05|06|04|22|26|05|24|02|31|06|06|
+--+--+--+--+--+--+--+--+--+--+--+--+--+--+--+--+--+--+--+--+--+--+--+--+--+
|02|32|27|04|31|34|04|01|04|34|03|23|23|26|30|27|28|01|04|30|05|31|35|33|03|
+--+--+--+--+--+--+--+--+--+--+--+--+--+--+--+--+--+--+--+--+--+--+--+--+--+
|23|33|33|26|31|29|29|32|24|29|23|01|29|33|23|36|05|02|04|02|00|36|34|26|06|
+--+--+--+--+--+--+--+--+--+--+--+--+--+--+--+--+--+--+--+--+--+--+--+--+--+
|01|01|01|01|33|06|03|34|28|36|33|26|03|03|28|03|25|36|23|26|27|35|00|02|35|
+--+--+--+--+--+--+--+--+--+--+--+--+--+--+--+--+--+--+--+--+--+--+--+--+--+
|26|34|03|29|01|05|06|36|01|22|30|05|02|04|23|05|06|24|29|01|30|02|30|28|36|
+--+--+--+--+--+--+--+--+--+--+--+--+--+--+--+--+--+--+--+--+--+--+--+--+--+
|01|04|29|24|32|33|28|04|31|03|22|00|35|26|23|22|36|31|27|01|26|35|28|23|01|
+--+--+--+--+--+--+--+--+--+--+--+--+--+--+--+--+--+--+--+--+--+--+--+--+--+
|00|01|30|32|36|29|28|22|26|23|30|04|23|04|28|29|35|21|28|36|32|33|31|03|21|
+--+--+--+--+--+--+--+--+--+--+--+--+--+--+--+--+--+--+--+--+--+--+--+--+--+
|31|28|28|06|27|02|32|34|35|01|31|29|24|31|03|21|33|04|03|03|28|27|03|02|28|
+--+--+--+--+--+--+--+--+--+--+--+--+--+--+--+--+--+--+--+--+--+--+--+--+--+
|00|06|21|30|02|02|04|28|04|36|35|34|00|03|31|30|06|21|02|06|34|30|27|02|24|
+--+--+--+--+--+--+--+--+--+--+--+--+--+--+--+--+--+--+--+--+--+--+--+--+--+
|34|21|30|25|28|03|06|21|28|05|34|01|34|05|27|35|34|25|06|24|21|35|21|32|35|
+--+--+--+--+--+--+--+--+--+--+--+--+--+--+--+--+--+--+--+--+--+--+--+--+--+
|23|27|35|26|33|06|24|03|36|22|36|31|05|32|04|03|05|26|28|02|26|24|27|30|03|
+--+--+--+--+--+--+--+--+--+--+--+--+--+--+--+--+--+--+--+--+--+--+--+--+--+
|34|03|21|22|04|21|03|05|36|29|06|00|21|00|33|30|05|36|01|28|23|03|22|36|23|
+--+--+--+--+--+--+--+--+--+--+--+--+--+--+--+--+--+--+--+--+--+--+--+--+--+
|04|02|22|04|34|02|23|25|02|29|02|32|22|23|22|28|27|05|00|27|06|30|34|29|26|
+--+--+--+--+--+--+--+--+--+--+--+--+--+--+--+--+--+--+--+--+--+--+--+--+--+
|02|33|34|21|25|30|30|24|04|25|28|34|23|30|30|22|29|33|31|03|36|28|36|06|21|
+--+--+--+--+--+--+--+--+--+--+--+--+--+--+--+--+--+--+--+--+--+--+--+--+--+
|23|05|23|02|24|34|05|22|05|21|22|21|02|01|29|28|00|03|36|21|26|22|30|02|05|
+--+--+--+--+--+--+--+--+--+--+--+--+--+--+--+--+--+--+--+--+--+--+--+--+--+
|21|27|35|33|06|32|05|35|32|30|01|29|01|06|29|21|24|29|23|30|24|01|00|29|28|
+--+--+--+--+--+--+--+--+--+--+--+--+--+--+--+--+--+--+--+--+--+--+--+--+--+
|34|22|00|05|21|01|23|29|35|03|06|02|05|21|31|31|03|32|31|25|35|29|24|35|31|
+--+--+--+--+--+--+--+--+--+--+--+--+--+--+--+--+--+--+--+--+--+--+--+--+--+
|36|22|03|01|05|24|32|03|30|28|25|33|29|21|34|24|32|25|27|06|00|21|01|00|04|
+--+--+--+--+--+--+--+--+--+--+--+--+--+--+--+--+--+--+--+--+--+--+--+--+--+
|26|26|03|03|34|29|23|02|22|26|05|28|04|36|26|33|24|34|26|25|00|32|06|06|04|
+--+--+--+--+--+--+--+--+--+--+--+--+--+--+--+--+--+--+--+--+--+--+--+--+--+
|36|34|02|21|21|02|33|35|06|27|31|36|31|33|23|33|34|24|26|26|32|23|25|01|36|
+--+--+--+--+--+--+--+--+--+--+--+--+--+--+--+--+--+--+--+--+--+--+--+--+--+

Periodo 8
+--+--+--+--+--+--+--+--+--+--+--+--+--+--+--+--+--+--+--+--+--+--+--+--+--+
|31|35|34|35|00|05|04|06|03|29|07|35|01|23|32|07|07|06|34|01|00|07|00|06|31|
+--+--+--+--+--+--+--+--+--+--+--+--+--+--+--+--+--+--+--+--+--+--+--+--+--+
|03|34|23|29|22|23|29|35|33|01|07|02|33|31|06|03|33|28|06|05|01|03|22|02|31|
+--+--+--+--+--+--+--+--+--+--+--+--+--+--+--+--+--+--+--+--+--+--+--+--+--+
|30|33|07|07|03|04|37|34|02|07|07|03|28|29|34|36|00|33|31|01|26|02|37|32|06|
+--+--+--+--+--+--+--+--+--+--+--+--+--+--+--+--+--+--+--+--+--+--+--+--+--+
|00|03|02|00|26|35|27|32|34|22|07|26|33|34|03|27|03|27|28|23|00|36|07|28|03|
+--+--+--+--+--+--+--+--+--+--+--+--+--+--+--+--+--+--+--+--+--+--+--+--+--+
|05|31|29|24|23|04|00|04|02|03|00|34|24|06|26|00|35|37|02|37|30|28|33|03|01|
+--+--+--+--+--+--+--+--+--+--+--+--+--+--+--+--+--+--+--+--+--+--+--+--+--+
|33|05|30|05|33|01|01|34|06|36|23|00|22|30|06|07|05|23|27|06|25|03|32|07|07|
+--+--+--+--+--+--+--+--+--+--+--+--+--+--+--+--+--+--+--+--+--+--+--+--+--+
|03|33|28|05|32|35|05|02|05|35|04|00|24|27|31|28|29|02|05|31|06|32|36|34|04|
+--+--+--+--+--+--+--+--+--+--+--+--+--+--+--+--+--+--+--+--+--+--+--+--+--+
|24|34|34|27|32|30|00|33|25|30|24|02|30|34|24|00|06|03|05|03|01|37|35|27|07|
+--+--+--+--+--+--+--+--+--+--+--+--+--+--+--+--+--+--+--+--+--+--+--+--+--+
|02|02|02|02|34|07|04|35|29|37|34|27|04|04|29|04|26|37|24|27|28|36|01|03|36|
+--+--+--+--+--+--+--+--+--+--+--+--+--+--+--+--+--+--+--+--+--+--+--+--+--+
|27|35|04|30|02|06|07|00|02|23|31|06|03|05|24|06|07|25|30|02|00|03|31|29|37|
+--+--+--+--+--+--+--+--+--+--+--+--+--+--+--+--+--+--+--+--+--+--+--+--+--+
|02|05|30|25|33|34|29|05|32|04|23|01|00|27|24|23|00|32|28|02|27|36|29|24|02|
+--+--+--+--+--+--+--+--+--+--+--+--+--+--+--+--+--+--+--+--+--+--+--+--+--+
|01|02|31|33|37|30|29|00|27|24|31|05|24|05|29|30|36|22|29|37|33|34|32|04|22|
+--+--+--+--+--+--+--+--+--+--+--+--+--+--+--+--+--+--+--+--+--+--+--+--+--+
|32|29|29|07|28|03|33|35|36|02|32|30|25|32|04|22|34|05|04|04|29|28|04|03|00|
+--+--+--+--+--+--+--+--+--+--+--+--+--+--+--+--+--+--+--+--+--+--+--+--+--+
|01|07|22|31|03|03|05|29|05|37|36|35|01|04|00|31|07|22|03|07|35|31|28|03|25|
+--+--+--+--+--+--+--+--+--+--+--+--+--+--+--+--+--+--+--+--+--+--+--+--+--+
|35|22|31|26|29|04|07|22|29|06|35|02|35|06|28|36|35|26|07|25|22|36|22|33|00|
+--+--+--+--+--+--+--+--+--+--+--+--+--+--+--+--+--+--+--+--+--+--+--+--+--+
|00|28|36|27|34|07|25|04|37|23|37|32|06|00|05|04|06|27|29|03|27|25|28|31|04|
+--+--+--+--+--+--+--+--+--+--+--+--+--+--+--+--+--+--+--+--+--+--+--+--+--+
|35|04|22|23|05|22|04|06|37|30|07|01|22|01|34|31|06|37|02|29|24|04|23|37|00|
+--+--+--+--+--+--+--+--+--+--+--+--+--+--+--+--+--+--+--+--+--+--+--+--+--+
|05|03|23|05|35|03|24|26|03|30|03|33|23|24|23|29|28|06|01|28|07|31|35|30|27|
+--+--+--+--+--+--+--+--+--+--+--+--+--+--+--+--+--+--+--+--+--+--+--+--+--+
|03|00|35|00|26|31|31|25|05|26|29|35|24|31|00|23|30|34|32|04|37|29|37|07|22|
+--+--+--+--+--+--+--+--+--+--+--+--+--+--+--+--+--+--+--+--+--+--+--+--+--+
|24|06|24|03|25|35|06|23|06|22|23|22|03|02|30|29|01|04|37|22|27|23|31|03|06|
+--+--+--+--+--+--+--+--+--+--+--+--+--+--+--+--+--+--+--+--+--+--+--+--+--+
|22|28|36|34|07|33|06|36|33|31|02|30|02|07|30|22|25|30|24|31|25|02|01|30|29|
+--+--+--+--+--+--+--+--+--+--+--+--+--+--+--+--+--+--+--+--+--+--+--+--+--+
|35|23|01|06|22|02|24|30|36|04|07|03|06|22|32|32|04|33|32|26|36|30|25|36|32|
+--+--+--+--+--+--+--+--+--+--+--+--+--+--+--+--+--+--+--+--+--+--+--+--+--+
|37|23|04|02|06|25|33|04|00|29|26|34|30|22|35|25|33|26|00|07|01|22|02|01|05|
+--+--+--+--+--+--+--+--+--+--+--+--+--+--+--+--+--+--+--+--+--+--+--+--+--+
|27|27|04|04|35|30|24|03|23|27|06|29|05|37|27|00|25|35|27|26|01|33|07|07|05|
+--+--+--+--+--+--+--+--+--+--+--+--+--+--+--+--+--+--+--+--+--+--+--+--+--+
|37|35|03|22|22|03|34|36|07|28|32|37|32|34|24|34|35|25|27|27|33|24|26|02|37|
+--+--+--+--+--+--+--+--+--+--+--+--+--+--+--+--+--+--+--+--+--+--+--+--+--+

Periodo 9
+--+--+--+--+--+--+--+--+--+--+--+--+--+--+--+--+--+--+--+--+--+--+--+--+--+
|32|36|35|36|01|06|05|07|04|30|08|36|02|24|33|08|08|07|35|02|01|08|01|07|32|
+--+--+--+--+--+--+--+--+--+--+--+--+--+--+--+--+--+--+--+--+--+--+--+--+--+
|04|35|24|30|23|00|30|36|34|02|08|03|34|32|07|04|34|00|07|06|02|04|23|03|00|
+--+--+--+--+--+--+--+--+--+--+--+--+--+--+--+--+--+--+--+--+--+--+--+--+--+
|00|34|08|08|04|05|38|35|03|08|08|04|29|30|35|37|01|34|32|02|27|03|38|33|07|
+--+--+--+--+--+--+--+--+--+--+--+--+--+--+--+--+--+--+--+--+--+--+--+--+--+
|01|04|03|01|27|36|28|33|35|23|08|27|34|35|04|28|04|28|29|24|01|37|08|29|04|
+--+--+--+--+--+--+--+--+--+--+--+--+--+--+--+--+--+--+--+--+--+--+--+--+--+
|06|32|30|25|24|05|01|05|03|04|01|35|25|07|27|01|36|38|03|38|31|00|34|04|02|
+--+--+--+--+--+--+--+--+--+--+--+--+--+--+--+--+--+--+--+--+--+--+--+--+--+
|34|06|31|06|34|02|02|35|07|37|24|01|23|31|07|08|06|24|28|07|26|04|33|08|08|
+--+--+--+--+--+--+--+--+--+--+--+--+--+--+--+--+--+--+--+--+--+--+--+--+--+
|04|00|29|06|33|36|06|03|06|36|05|01|25|28|32|29|30|03|06|32|07|00|37|35|05|
+--+--+--+--+--+--+--+--+--+--+--+--+--+--+--+--+--+--+--+--+--+--+--+--+--+
|25|35|35|28|33|31|01|34|26|31|25|03|31|35|25|01|07|04|06|04|02|00|36|28|08|
+--+--+--+--+--+--+--+--+--+--+--+--+--+--+--+--+--+--+--+--+--+--+--+--+--+
|03|03|03|03|35|08|05|36|30|38|35|00|05|05|30|05|00|38|25|28|29|37|02|04|37|
+--+--+--+--+--+--+--+--+--+--+--+--+--+--+--+--+--+--+--+--+--+--+--+--+--+
|28|36|05|31|03|07|08|01|03|24|32|07|04|06|25|07|08|26|31|03|01|04|32|30|38|
+--+--+--+--+--+--+--+--+--+--+--+--+--+--+--+--+--+--+--+--+--+--+--+--+--+
|03|06|31|26|34|35|30|06|33|05|24|02|01|28|25|24|01|33|29|03|28|37|30|25|03|
+--+--+--+--+--+--+--+--+--+--+--+--+--+--+--+--+--+--+--+--+--+--+--+--+--+
|02|03|00|34|38|31|30|01|28|25|32|06|25|06|00|31|37|23|00|38|34|35|33|05|23|
+--+--+--+--+--+--+--+--+--+--+--+--+--+--+--+--+--+--+--+--+--+--+--+--+--+
|33|30|30|08|29|04|34|36|00|03|33|31|26|33|05|23|35|06|05|05|30|29|05|04|01|
+--+--+--+--+--+--+--+--+--+--+--+--+--+--+--+--+--+--+--+--+--+--+--+--+--+
|02|08|23|32|04|04|06|30|06|38|37|36|02|05|01|32|08|23|04|08|36|32|29|04|26|
+--+--+--+--+--+--+--+--+--+--+--+--+--+--+--+--+--+--+--+--+--+--+--+--+--+
|36|23|00|27|30|05|08|23|00|07|36|03|36|07|29|37|36|27|08|26|23|37|23|34|01|
+--+--+--+--+--+--+--+--+--+--+--+--+--+--+--+--+--+--+--+--+--+--+--+--+--+
|01|29|37|28|35|08|26|05|38|24|38|33|07|01|06|05|07|28|30|04|28|26|29|32|05|
+--+--+--+--+--+--+--+--+--+--+--+--+--+--+--+--+--+--+--+--+--+--+--+--+--+
|36|05|23|00|06|23|05|07|38|31|08|02|23|02|35|32|07|38|03|30|25|05|24|38|01|
+--+--+--+--+--+--+--+--+--+--+--+--+--+--+--+--+--+--+--+--+--+--+--+--+--+
|06|04|24|06|36|04|00|00|04|31|04|34|00|25|24|30|29|07|02|29|08|32|36|31|28|
+--+--+--+--+--+--+--+--+--+--+--+--+--+--+--+--+--+--+--+--+--+--+--+--+--+
|04|01|36|01|27|32|32|26|06|27|30|36|25|32|01|24|31|35|33|05|38|30|38|08|23|
+--+--+--+--+--+--+--+--+--+--+--+--+--+--+--+--+--+--+--+--+--+--+--+--+--+
|25|07|25|04|26|36|07|24|07|00|24|23|04|03|31|30|02|05|38|23|28|00|32|04|07|
+--+--+--+--+--+--+--+--+--+--+--+--+--+--+--+--+--+--+--+--+--+--+--+--+--+
|23|29|00|35|08|34|07|37|34|32|03|31|03|08|31|23|26|31|25|32|26|03|02|31|30|
+--+--+--+--+--+--+--+--+--+--+--+--+--+--+--+--+--+--+--+--+--+--+--+--+--+
|36|24|02|07|23|03|25|31|00|05|08|04|07|23|33|33|05|34|33|27|37|31|26|37|33|
+--+--+--+--+--+--+--+--+--+--+--+--+--+--+--+--+--+--+--+--+--+--+--+--+--+
|38|24|05|03|07|26|34|05|01|30|27|35|31|23|36|26|34|00|01|08|02|23|03|02|06|
+--+--+--+--+--+--+--+--+--+--+--+--+--+--+--+--+--+--+--+--+--+--+--+--+--+
|28|28|05|05|36|31|25|04|24|28|07|30|06|38|28|01|26|36|28|27|02|34|08|08|06|
+--+--+--+--+--+--+--+--+--+--+--+--+--+--+--+--+--+--+--+--+--+--+--+--+--+
|38|36|04|23|23|04|35|37|08|29|33|38|33|00|25|35|36|26|28|28|34|25|27|03|38|
+--+--+--+--+--+--+--+--+--+--+--+--+--+--+--+--+--+--+--+--+--+--+--+--+--+

Periodo 10
+--+--+--+--+--+--+--+--+--+--+--+--+--+--+--+--+--+--+--+--+--+--+--+--+--+
|33|00|36|37|02|07|06|08|05|31|09|00|03|25|34|09|09|08|36|03|02|09|02|08|33|
+--+--+--+--+--+--+--+--+--+--+--+--+--+--+--+--+--+--+--+--+--+--+--+--+--+
|05|36|25|31|24|01|31|37|35|03|09|04|35|33|08|05|35|01|08|07|03|05|24|04|01|
+--+--+--+--+--+--+--+--+--+--+--+--+--+--+--+--+--+--+--+--+--+--+--+--+--+
|01|35|09|09|05|06|39|36|04|09|09|05|30|31|36|38|02|35|33|03|28|04|39|34|08|
+--+--+--+--+--+--+--+--+--+--+--+--+--+--+--+--+--+--+--+--+--+--+--+--+--+
|02|05|04|02|28|37|29|34|36|24|09|28|35|00|05|29|05|00|30|25|02|38|09|30|05|
+--+--+--+--+--+--+--+--+--+--+--+--+--+--+--+--+--+--+--+--+--+--+--+--+--+
|07|33|31|26|25|06|02|06|04|05|02|36|26|08|28|02|37|39|04|00|32|01|35|05|03|
+--+--+--+--+--+--+--+--+--+--+--+--+--+--+--+--+--+--+--+--+--+--+--+--+--+
|35|07|32|07|35|03|03|36|08|38|25|02|24|32|08|09|07|25|29|08|27|05|34|09|09|
+--+--+--+--+--+--+--+--+--+--+--+--+--+--+--+--+--+--+--+--+--+--+--+--+--+
|05|01|30|07|34|37|07|04|07|37|06|02|00|29|00|30|31|04|07|33|08|01|00|36|06|
+--+--+--+--+--+--+--+--+--+--+--+--+--+--+--+--+--+--+--+--+--+--+--+--+--+
|26|36|36|29|34|32|02|35|27|32|26|04|32|36|26|02|08|05|07|05|03|01|37|29|09|
+--+--+--+--+--+--+--+--+--+--+--+--+--+--+--+--+--+--+--+--+--+--+--+--+--+
|04|04|04|04|36|09|06|37|31|39|36|01|06|06|00|06|01|39|00|29|00|38|03|05|00|
+--+--+--+--+--+--+--+--+--+--+--+--+--+--+--+--+--+--+--+--+--+--+--+--+--+
|29|37|06|32|04|08|09|02|04|25|33|08|05|07|26|08|09|27|32|04|02|05|33|31|00|
+--+--+--+--+--+--+--+--+--+--+--+--+--+--+--+--+--+--+--+--+--+--+--+--+--+
|04|07|00|27|35|00|31|07|00|06|25|03|02|29|26|25|02|34|30|04|29|38|31|26|04|
+--+--+--+--+--+--+--+--+--+--+--+--+--+--+--+--+--+--+--+--+--+--+--+--+--+
|03|04|01|35|39|32|31|02|29|26|33|07|26|07|01|32|38|24|01|39|35|00|34|06|00|
+--+--+--+--+--+--+--+--+--+--+--+--+--+--+--+--+--+--+--+--+--+--+--+--+--+
|34|31|00|09|30|05|35|37|01|04|34|32|27|34|06|24|00|07|06|06|31|30|06|05|02|
+--+--+--+--+--+--+--+--+--+--+--+--+--+--+--+--+--+--+--+--+--+--+--+--+--+
|03|09|24|33|05|05|07|31|07|39|38|37|03|06|02|00|09|24|05|09|37|33|30|05|27|
+--+--+--+--+--+--+--+--+--+--+--+--+--+--+--+--+--+--+--+--+--+--+--+--+--+
|00|24|01|28|31|06|09|24|01|08|37|04|37|08|30|38|37|28|09|27|00|38|24|35|02|
+--+--+--+--+--+--+--+--+--+--+--+--+--+--+--+--+--+--+--+--+--+--+--+--+--+
|02|30|38|29|00|09|27|06|39|25|39|00|08|02|07|06|08|29|31|05|29|00|30|33|06|
+--+--+--+--+--+--+--+--+--+--+--+--+--+--+--+--+--+--+--+--+--+--+--+--+--+
|37|06|24|01|07|24|06|08|39|32|09|03|24|03|36|33|08|39|04|31|26|06|25|39|02|
+--+--+--+--+--+--+--+--+--+--+--+--+--+--+--+--+--+--+--+--+--+--+--+--+--+
|07|05|00|07|37|05|01|01|05|32|05|35|01|26|25|31|30|08|03|30|09|33|37|00|29|
+--+--+--+--+--+--+--+--+--+--+--+--+--+--+--+--+--+--+--+--+--+--+--+--+--+
|05|02|37|02|28|33|33|27|07|28|31|37|26|33|02|25|32|00|34|06|39|31|39|09|24|
+--+--+--+--+--+--+--+--+--+--+--+--+--+--+--+--+--+--+--+--+--+--+--+--+--+
|00|08|00|05|27|37|08|25|08|01|25|24|05|04|32|31|03|06|00|24|29|01|33|05|08|
+--+--+--+--+--+--+--+--+--+--+--+--+--+--+--+--+--+--+--+--+--+--+--+--+--+
|24|30|01|36|09|35|08|38|35|33|04|32|04|09|00|24|27|32|26|33|27|04|03|32|31|
+--+--+--+--+--+--+--+--+--+--+--+--+--+--+--+--+--+--+--+--+--+--+--+--+--+
|00|25|03|08|24|04|26|32|01|06|09|05|08|24|34|34|06|35|34|28|38|32|27|38|34|
+--+--+--+--+--+--+--+--+--+--+--+--+--+--+--+--+--+--+--+--+--+--+--+--+--+
|39|25|06|04|08|27|35|06|02|31|28|36|32|24|37|27|35|01|02|09|03|24|04|03|07|
+--+--+--+--+--+--+--+--+--+--+--+--+--+--+--+--+--+--+--+--+--+--+--+--+--+
|29|29|06|06|37|32|26|05|25|29|08|31|07|39|29|02|27|37|29|28|03|00|09|09|07|
+--+--+--+--+--+--+--+--+--+--+--+--+--+--+--+--+--+--+--+--+--+--+--+--+--+
|39|37|05|24|24|05|36|38|09|30|34|00|00|01|26|36|37|00|29|29|35|26|28|04|39|
+--+--+--+--+--+--+--+--+--+--+--+--+--+--+--+--+--+--+--+--+--+--+--+--+--+

Inicial: 18353067.70

Periodo 1
+--+--+--+--+--+--+--+--+--+--+--+--+--+--+--+--+--+--+--+--+--+--+--+--+--+
|24|28|27|28|26|20|20|25|25|22|23|28|26|16|25|20|30|30|27|19|22|16|28|29|24|
+--+--+--+--+--+--+--+--+--+--+--+--+--+--+--+--+--+--+--+--+--+--+--+--+--+
|27|27|16|22|15|16|22|28|26|20|15|21|26|24|19|30|26|21|26|23|23|17|15|27|24|
+--+--+--+--+--+--+--+--+--+--+--+--+--+--+--+--+--+--+--+--+--+--+--+--+--+
|23|26|17|18|28|30|30|27|29|25|22|27|21|22|27|29|29|26|24|30|19|29|30|25|18|
+--+--+--+--+--+--+--+--+--+--+--+--+--+--+--+--+--+--+--+--+--+--+--+--+--+
|17|23|26|25|19|28|20|25|27|15|29|19|26|27|16|20|28|20|21|16|29|29|28|21|29|
+--+--+--+--+--+--+--+--+--+--+--+--+--+--+--+--+--+--+--+--+--+--+--+--+--+
|27|24|22|17|16|27|24|23|16|22|27|27|17|22|19|16|28|30|18|30|23|21|26|19|25|  
+--+--+--+--+--+--+--+--+--+--+--+--+--+--+--+--+--+--+--+--+--+--+--+--+--+
|26|27|23|27|26|20|16|27|20|29|16|18|15|23|30|24|18|16|20|25|18|24|25|28|17|
+--+--+--+--+--+--+--+--+--+--+--+--+--+--+--+--+--+--+--+--+--+--+--+--+--+
|30|26|21|16|25|28|20|22|30|28|15|17|17|20|24|21|22|27|28|24|25|25|29|27|24|
+--+--+--+--+--+--+--+--+--+--+--+--+--+--+--+--+--+--+--+--+--+--+--+--+--+
|17|27|27|20|25|23|23|26|18|23|17|15|23|27|17|30|28|27|16|16|22|30|28|20|19|
+--+--+--+--+--+--+--+--+--+--+--+--+--+--+--+--+--+--+--+--+--+--+--+--+--+
|27|23|20|28|27|16|29|28|22|30|27|20|19|27|22|20|19|30|17|20|21|29|22|26|29|
+--+--+--+--+--+--+--+--+--+--+--+--+--+--+--+--+--+--+--+--+--+--+--+--+--+
|20|28|21|23|20|19|21|30|24|16|24|24|17|23|17|25|29|18|23|25|24|23|24|22|30|
+--+--+--+--+--+--+--+--+--+--+--+--+--+--+--+--+--+--+--+--+--+--+--+--+--+
|17|29|23|18|26|27|22|26|25|23|16|20|29|20|17|16|30|25|21|23|20|29|22|17|17|
+--+--+--+--+--+--+--+--+--+--+--+--+--+--+--+--+--+--+--+--+--+--+--+--+--+
|27|21|24|26|30|23|22|16|20|17|24|28|17|25|22|23|29|15|22|30|26|27|25|23|15|
+--+--+--+--+--+--+--+--+--+--+--+--+--+--+--+--+--+--+--+--+--+--+--+--+--+
|25|22|22|23|21|16|26|28|29|17|25|23|18|25|23|15|27|23|15|23|22|21|29|22|22|
+--+--+--+--+--+--+--+--+--+--+--+--+--+--+--+--+--+--+--+--+--+--+--+--+--+
|22|28|15|24|30|23|29|22|21|30|29|28|28|26|25|24|17|15|20|19|28|24|21|30|18|
+--+--+--+--+--+--+--+--+--+--+--+--+--+--+--+--+--+--+--+--+--+--+--+--+--+
|28|15|24|19|22|21|23|15|22|26|28|23|28|20|21|29|28|19|16|18|15|29|15|26|29|
+--+--+--+--+--+--+--+--+--+--+--+--+--+--+--+--+--+--+--+--+--+--+--+--+--+
|17|21|29|20|27|25|18|25|30|16|30|25|25|26|22|27|29|20|22|30|20|18|21|24|15|
+--+--+--+--+--+--+--+--+--+--+--+--+--+--+--+--+--+--+--+--+--+--+--+--+--+
|28|19|15|16|17|15|16|18|30|23|29|30|15|22|27|24|20|30|28|22|17|22|16|30|17|
+--+--+--+--+--+--+--+--+--+--+--+--+--+--+--+--+--+--+--+--+--+--+--+--+--+
|22|16|16|22|28|15|17|19|18|23|15|26|16|17|16|22|21|15|19|21|29|24|28|23|20|
+--+--+--+--+--+--+--+--+--+--+--+--+--+--+--+--+--+--+--+--+--+--+--+--+--+
|29|27|28|15|19|24|24|18|25|19|22|28|17|24|24|16|23|27|25|24|30|22|30|24|15|
+--+--+--+--+--+--+--+--+--+--+--+--+--+--+--+--+--+--+--+--+--+--+--+--+--+
|17|16|17|19|18|28|21|16|21|15|16|15|20|20|23|22|24|16|30|15|20|16|24|15|23|
+--+--+--+--+--+--+--+--+--+--+--+--+--+--+--+--+--+--+--+--+--+--+--+--+--+
|15|21|29|27|18|26|22|29|26|24|26|23|26|23|23|15|18|23|17|24|18|28|29|23|22|
+--+--+--+--+--+--+--+--+--+--+--+--+--+--+--+--+--+--+--+--+--+--+--+--+--+
|28|16|28|23|15|24|17|23|29|16|18|15|21|15|25|25|29|26|25|19|29|23|18|29|25|
+--+--+--+--+--+--+--+--+--+--+--+--+--+--+--+--+--+--+--+--+--+--+--+--+--+
|30|16|17|20|20|18|26|15|24|22|19|27|23|15|28|18|26|19|21|20|16|15|19|30|27|
+--+--+--+--+--+--+--+--+--+--+--+--+--+--+--+--+--+--+--+--+--+--+--+--+--+
|20|20|22|27|28|23|17|19|16|20|19|22|19|30|20|27|18|28|20|19|15|26|18|20|25|
+--+--+--+--+--+--+--+--+--+--+--+--+--+--+--+--+--+--+--+--+--+--+--+--+--+
|30|28|28|15|15|22|27|29|16|21|25|30|25|27|17|27|28|18|20|20|26|17|19|27|30|
+--+--+--+--+--+--+--+--+--+--+--+--+--+--+--+--+--+--+--+--+--+--+--+--+--+

Periodo 2
+--+--+--+--+--+--+--+--+--+--+--+--+--+--+--+--+--+--+--+--+--+--+--+--+--+
|25|29|28|29|27|21|21|26|26|23|24|29|27|17|26|21|31|31|28|20|23|17|29|30|25|
+--+--+--+--+--+--+--+--+--+--+--+--+--+--+--+--+--+--+--+--+--+--+--+--+--+
|28|28|17|23|16|17|23|29|27|21|16|22|27|25|20|31|27|22|27|24|24|18|16|28|25|
+--+--+--+--+--+--+--+--+--+--+--+--+--+--+--+--+--+--+--+--+--+--+--+--+--+
|24|27|18|19|29|31|31|28|30|26|23|28|22|23|28|30|30|27|25|31|20|30|31|26|19|
+--+--+--+--+--+--+--+--+--+--+--+--+--+--+--+--+--+--+--+--+--+--+--+--+--+
|18|24|27|26|20|29|21|26|28|16|30|20|27|28|17|21|29|21|22|17|30|30|29|22|30|
+--+--+--+--+--+--+--+--+--+--+--+--+--+--+--+--+--+--+--+--+--+--+--+--+--+
|28|25|23|18|17|28|25|24|17|23|28|28|18|23|20|17|29|31|19|31|24|22|27|20|26|
+--+--+--+--+--+--+--+--+--+--+--+--+--+--+--+--+--+--+--+--+--+--+--+--+--+
|27|28|24|28|27|21|17|28|21|30|17|19|16|24|31|25|19|17|21|26|19|25|26|29|18|
+--+--+--+--+--+--+--+--+--+--+--+--+--+--+--+--+--+--+--+--+--+--+--+--+--+
|31|27|22|17|26|29|21|23|31|29|16|18|18|21|25|22|23|28|29|25|26|26|30|28|25|
+--+--+--+--+--+--+--+--+--+--+--+--+--+--+--+--+--+--+--+--+--+--+--+--+--+
|18|28|28|21|26|24|24|27|19|24|18|16|24|28|18|31|29|28|17|17|23|31|29|21|20|
+--+--+--+--+--+--+--+--+--+--+--+--+--+--+--+--+--+--+--+--+--+--+--+--+--+
|28|24|21|29|28|17|30|29|23|31|28|21|20|28|23|21|20|31|18|21|22|30|23|27|30|
+--+--+--+--+--+--+--+--+--+--+--+--+--+--+--+--+--+--+--+--+--+--+--+--+--+
|21|29|22|24|21|20|22|31|25|17|25|25|18|24|18|26|30|19|24|26|25|24|25|23|31|
+--+--+--+--+--+--+--+--+--+--+--+--+--+--+--+--+--+--+--+--+--+--+--+--+--+
|18|30|24|19|27|28|23|27|26|24|17|21|30|21|18|17|31|26|22|24|21|30|23|18|18|
+--+--+--+--+--+--+--+--+--+--+--+--+--+--+--+--+--+--+--+--+--+--+--+--+--+
|28|22|25|27|31|24|23|17|21|18|25|29|18|26|23|24|30|16|23|31|27|28|26|24|16|
+--+--+--+--+--+--+--+--+--+--+--+--+--+--+--+--+--+--+--+--+--+--+--+--+--+
|26|23|23|24|22|17|27|29|30|18|26|24|19|26|24|16|28|24|16|24|23|22|30|23|23|
+--+--+--+--+--+--+--+--+--+--+--+--+--+--+--+--+--+--+--+--+--+--+--+--+--+
|23|29|16|25|31|24|30|23|22|31|30|29|29|27|26|25|18|16|21|20|29|25|22|31|19|
+--+--+--+--+--+--+--+--+--+--+--+--+--+--+--+--+--+--+--+--+--+--+--+--+--+
|29|16|25|20|23|22|24|16|23|27|29|24|29|21|22|30|29|20|17|19|16|30|16|27|30|
+--+--+--+--+--+--+--+--+--+--+--+--+--+--+--+--+--+--+--+--+--+--+--+--+--+
|18|22|30|21|28|26|19|26|31|17|31|26|26|27|23|28|30|21|23|31|21|19|22|25|16|
+--+--+--+--+--+--+--+--+--+--+--+--+--+--+--+--+--+--+--+--+--+--+--+--+--+
|29|20|16|17|18|16|17|19|31|24|30|31|16|23|28|25|21|31|29|23|18|23|17|31|18|
+--+--+--+--+--+--+--+--+--+--+--+--+--+--+--+--+--+--+--+--+--+--+--+--+--+
|23|17|17|23|29|16|18|20|19|24|16|27|17|18|17|23|22|16|20|22|30|25|29|24|21|
+--+--+--+--+--+--+--+--+--+--+--+--+--+--+--+--+--+--+--+--+--+--+--+--+--+
|30|28|29|16|20|25|25|19|26|20|23|29|18|25|25|17|24|28|26|25|31|23|31|25|16|
+--+--+--+--+--+--+--+--+--+--+--+--+--+--+--+--+--+--+--+--+--+--+--+--+--+
|18|17|18|20|19|29|22|17|22|16|17|16|21|21|24|23|25|17|31|16|21|17|25|16|24|
+--+--+--+--+--+--+--+--+--+--+--+--+--+--+--+--+--+--+--+--+--+--+--+--+--+
|16|22|30|28|19|27|23|30|27|25|27|24|27|24|24|16|19|24|18|25|19|29|30|24|23|
+--+--+--+--+--+--+--+--+--+--+--+--+--+--+--+--+--+--+--+--+--+--+--+--+--+
|29|17|29|24|16|25|18|24|30|17|19|16|22|16|26|26|30|27|26|20|30|24|19|30|26|
+--+--+--+--+--+--+--+--+--+--+--+--+--+--+--+--+--+--+--+--+--+--+--+--+--+
|31|17|18|21|21|19|27|16|25|23|20|28|24|16|29|19|27|20|22|21|17|16|20|31|28|
+--+--+--+--+--+--+--+--+--+--+--+--+--+--+--+--+--+--+--+--+--+--+--+--+--+
|21|21|23|28|29|24|18|20|17|21|20|23|20|31|21|28|19|29|21|20|16|27|19|21|26|
+--+--+--+--+--+--+--+--+--+--+--+--+--+--+--+--+--+--+--+--+--+--+--+--+--+
|31|29|29|16|16|23|28|30|17|22|26|31|26|28|18|28|29|19|21|21|27|18|20|28|31|
+--+--+--+--+--+--+--+--+--+--+--+--+--+--+--+--+--+--+--+--+--+--+--+--+--+

Periodo 3
+--+--+--+--+--+--+--+--+--+--+--+--+--+--+--+--+--+--+--+--+--+--+--+--+--+
|26|30|29|30|28|22|22|27|27|24|25|30|28|18|27|22|32|32|29|21|24|18|30|31|26|
+--+--+--+--+--+--+--+--+--+--+--+--+--+--+--+--+--+--+--+--+--+--+--+--+--+
|29|29|18|24|17|18|24|30|28|22|17|23|28|26|21|32|28|23|28|25|25|19|17|29|26|
+--+--+--+--+--+--+--+--+--+--+--+--+--+--+--+--+--+--+--+--+--+--+--+--+--+
|25|28|19|20|30|32|32|29|31|27|24|29|23|24|29|31|31|28|26|32|21|31|32|27|20|
+--+--+--+--+--+--+--+--+--+--+--+--+--+--+--+--+--+--+--+--+--+--+--+--+--+
|19|25|28|27|21|30|22|27|29|17|31|21|28|29|18|22|30|22|23|18|31|31|30|23|31|
+--+--+--+--+--+--+--+--+--+--+--+--+--+--+--+--+--+--+--+--+--+--+--+--+--+
|29|26|24|19|18|29|26|25|18|24|29|29|19|24|21|18|30|32|20|32|25|23|28|21|27|
+--+--+--+--+--+--+--+--+--+--+--+--+--+--+--+--+--+--+--+--+--+--+--+--+--+
|28|29|25|29|28|22|18|29|22|31|18|20|17|25|32|26|20|18|22|27|20|26|27|30|19|
+--+--+--+--+--+--+--+--+--+--+--+--+--+--+--+--+--+--+--+--+--+--+--+--+--+
|32|28|23|18|27|30|22|24|32|30|17|19|19|22|26|23|24|29|30|26|27|27|31|29|26|
+--+--+--+--+--+--+--+--+--+--+--+--+--+--+--+--+--+--+--+--+--+--+--+--+--+
|19|29|29|22|27|25|25|28|20|25|19|17|25|29|19|32|30|29|18|18|24|32|30|22|21|
+--+--+--+--+--+--+--+--+--+--+--+--+--+--+--+--+--+--+--+--+--+--+--+--+--+
|29|25|22|30|29|18|31|30|24|32|29|22|21|29|24|22|21|32|19|22|23|31|24|28|31|
+--+--+--+--+--+--+--+--+--+--+--+--+--+--+--+--+--+--+--+--+--+--+--+--+--+
|22|30|23|25|22|21|23|32|26|18|26|26|19|25|19|27|31|20|25|27|26|25|26|24|32|
+--+--+--+--+--+--+--+--+--+--+--+--+--+--+--+--+--+--+--+--+--+--+--+--+--+
|19|31|25|20|28|29|24|28|27|25|18|22|31|22|19|18|32|27|23|25|22|31|24|19|19|
+--+--+--+--+--+--+--+--+--+--+--+--+--+--+--+--+--+--+--+--+--+--+--+--+--+
|29|23|26|28|32|25|24|18|22|19|26|30|19|27|24|25|31|17|24|32|28|29|27|25|17|
+--+--+--+--+--+--+--+--+--+--+--+--+--+--+--+--+--+--+--+--+--+--+--+--+--+
|27|24|24|25|23|18|28|30|31|19|27|25|20|27|25|17|29|25|17|25|24|23|31|24|24|
+--+--+--+--+--+--+--+--+--+--+--+--+--+--+--+--+--+--+--+--+--+--+--+--+--+
|24|30|17|26|32|25|31|24|23|32|31|30|30|28|27|26|19|17|22|21|30|26|23|32|20|
+--+--+--+--+--+--+--+--+--+--+--+--+--+--+--+--+--+--+--+--+--+--+--+--+--+
|30|17|26|21|24|23|25|17|24|28|30|25|30|22|23|31|30|21|18|20|17|31|17|28|31|
+--+--+--+--+--+--+--+--+--+--+--+--+--+--+--+--+--+--+--+--+--+--+--+--+--+
|19|23|31|22|29|27|20|27|32|18|32|27|27|28|24|29|31|22|24|32|22|20|23|26|17|
+--+--+--+--+--+--+--+--+--+--+--+--+--+--+--+--+--+--+--+--+--+--+--+--+--+
|30|21|17|18|19|17|18|20|32|25|31|32|17|24|29|26|22|32|30|24|19|24|18|32|19|
+--+--+--+--+--+--+--+--+--+--+--+--+--+--+--+--+--+--+--+--+--+--+--+--+--+
|24|18|18|24|30|17|19|21|20|25|17|28|18|19|18|24|23|17|21|23|31|26|30|25|22|
+--+--+--+--+--+--+--+--+--+--+--+--+--+--+--+--+--+--+--+--+--+--+--+--+--+
|31|29|30|17|21|26|26|20|27|21|24|30|19|26|26|18|25|29|27|26|32|24|32|26|17|
+--+--+--+--+--+--+--+--+--+--+--+--+--+--+--+--+--+--+--+--+--+--+--+--+--+
|19|18|19|21|20|30|23|18|23|17|18|17|22|22|25|24|26|18|32|17|22|18|26|17|25|
+--+--+--+--+--+--+--+--+--+--+--+--+--+--+--+--+--+--+--+--+--+--+--+--+--+
|17|23|31|29|20|28|24|31|28|26|28|25|28|25|25|17|20|25|19|26|20|30|31|25|24|
+--+--+--+--+--+--+--+--+--+--+--+--+--+--+--+--+--+--+--+--+--+--+--+--+--+
|30|18|30|25|17|26|19|25|31|18|20|17|23|17|27|27|31|28|27|21|31|25|20|31|27|
+--+--+--+--+--+--+--+--+--+--+--+--+--+--+--+--+--+--+--+--+--+--+--+--+--+
|32|18|19|22|22|20|28|17|26|24|21|29|25|17|30|20|28|21|23|22|18|17|21|32|29|
+--+--+--+--+--+--+--+--+--+--+--+--+--+--+--+--+--+--+--+--+--+--+--+--+--+
|22|22|24|29|30|25|19|21|18|22|21|24|21|32|22|29|20|30|22|21|17|28|20|22|27|
+--+--+--+--+--+--+--+--+--+--+--+--+--+--+--+--+--+--+--+--+--+--+--+--+--+
|32|30|30|17|17|24|29|31|18|23|27|32|27|29|19|29|30|20|22|22|28|19|21|29|32|
+--+--+--+--+--+--+--+--+--+--+--+--+--+--+--+--+--+--+--+--+--+--+--+--+--+

Periodo 4
+--+--+--+--+--+--+--+--+--+--+--+--+--+--+--+--+--+--+--+--+--+--+--+--+--+
|27|31|30|31|29|23|23|28|28|25|26|31|29|19|28|23|33|33|30|22|25|19|31|32|27|
+--+--+--+--+--+--+--+--+--+--+--+--+--+--+--+--+--+--+--+--+--+--+--+--+--+
|30|30|19|25|18|19|25|31|29|23|18|24|29|27|22|33|29|24|29|26|26|20|18|30|27|
+--+--+--+--+--+--+--+--+--+--+--+--+--+--+--+--+--+--+--+--+--+--+--+--+--+
|26|29|20|21|31|33|33|30|32|28|25|30|24|25|30|32|32|29|27|33|22|32|33|28|21|
+--+--+--+--+--+--+--+--+--+--+--+--+--+--+--+--+--+--+--+--+--+--+--+--+--+
|20|26|29|28|22|31|23|28|30|18|32|22|29|30|19|23|31|23|24|19|32|32|31|24|32|
+--+--+--+--+--+--+--+--+--+--+--+--+--+--+--+--+--+--+--+--+--+--+--+--+--+
|30|27|25|20|19|30|27|26|19|25|30|30|20|25|22|19|31|33|21|33|26|24|29|22|28|
+--+--+--+--+--+--+--+--+--+--+--+--+--+--+--+--+--+--+--+--+--+--+--+--+--+
|29|30|26|30|29|23|19|30|23|32|19|21|18|26|33|27|21|19|23|28|21|27|28|31|20|
+--+--+--+--+--+--+--+--+--+--+--+--+--+--+--+--+--+--+--+--+--+--+--+--+--+
|33|29|24|19|28|31|23|25|33|31|18|20|20|23|27|24|25|30|31|27|28|28|32|30|27|
+--+--+--+--+--+--+--+--+--+--+--+--+--+--+--+--+--+--+--+--+--+--+--+--+--+
|20|30|30|23|28|26|26|29|21|26|20|18|26|30|20|33|31|30|19|19|25|33|31|23|22|
+--+--+--+--+--+--+--+--+--+--+--+--+--+--+--+--+--+--+--+--+--+--+--+--+--+
|30|26|23|31|30|19|32|31|25|33|30|23|22|30|25|23|22|33|20|23|24|32|25|29|32|
+--+--+--+--+--+--+--+--+--+--+--+--+--+--+--+--+--+--+--+--+--+--+--+--+--+
|23|31|24|26|23|22|24|33|27|19|27|27|20|26|20|28|32|21|26|28|27|26|27|25|33|
+--+--+--+--+--+--+--+--+--+--+--+--+--+--+--+--+--+--+--+--+--+--+--+--+--+
|20|32|26|21|29|30|25|29|28|26|19|23|32|23|20|19|33|28|24|26|23|32|25|20|20|
+--+--+--+--+--+--+--+--+--+--+--+--+--+--+--+--+--+--+--+--+--+--+--+--+--+
|30|24|27|29|33|26|25|19|23|20|27|31|20|28|25|26|32|18|25|33|29|30|28|26|18|
+--+--+--+--+--+--+--+--+--+--+--+--+--+--+--+--+--+--+--+--+--+--+--+--+--+
|28|25|25|26|24|19|29|31|32|20|28|26|21|28|26|18|30|26|18|26|25|24|32|25|25|
+--+--+--+--+--+--+--+--+--+--+--+--+--+--+--+--+--+--+--+--+--+--+--+--+--+
|25|31|18|27|33|26|32|25|24|33|32|31|31|29|28|27|20|18|23|22|31|27|24|33|21|
+--+--+--+--+--+--+--+--+--+--+--+--+--+--+--+--+--+--+--+--+--+--+--+--+--+
|31|18|27|22|25|24|26|18|25|29|31|26|31|23|24|32|31|22|19|21|18|32|18|29|32|
+--+--+--+--+--+--+--+--+--+--+--+--+--+--+--+--+--+--+--+--+--+--+--+--+--+
|20|24|32|23|30|28|21|28|33|19|33|28|28|29|25|30|32|23|25|33|23|21|24|27|18|
+--+--+--+--+--+--+--+--+--+--+--+--+--+--+--+--+--+--+--+--+--+--+--+--+--+
|31|22|18|19|20|18|19|21|33|26|32|33|18|25|30|27|23|33|31|25|20|25|19|33|20|
+--+--+--+--+--+--+--+--+--+--+--+--+--+--+--+--+--+--+--+--+--+--+--+--+--+
|25|19|19|25|31|18|20|22|21|26|18|29|19|20|19|25|24|18|22|24|32|27|31|26|23|
+--+--+--+--+--+--+--+--+--+--+--+--+--+--+--+--+--+--+--+--+--+--+--+--+--+
|32|30|31|18|22|27|27|21|28|22|25|31|20|27|27|19|26|30|28|27|33|25|33|27|18|
+--+--+--+--+--+--+--+--+--+--+--+--+--+--+--+--+--+--+--+--+--+--+--+--+--+
|20|19|20|22|21|31|24|19|24|18|19|18|23|23|26|25|27|19|33|18|23|19|27|18|26|
+--+--+--+--+--+--+--+--+--+--+--+--+--+--+--+--+--+--+--+--+--+--+--+--+--+
|18|24|32|30|21|29|25|32|29|27|29|26|29|26|26|18|21|26|20|27|21|31|32|26|25|
+--+--+--+--+--+--+--+--+--+--+--+--+--+--+--+--+--+--+--+--+--+--+--+--+--+
|31|19|31|26|18|27|20|26|32|19|21|18|24|18|28|28|32|29|28|22|32|26|21|32|28|
+--+--+--+--+--+--+--+--+--+--+--+--+--+--+--+--+--+--+--+--+--+--+--+--+--+
|33|19|20|23|23|21|29|18|27|25|22|30|26|18|31|21|29|22|24|23|19|18|22|33|30|
+--+--+--+--+--+--+--+--+--+--+--+--+--+--+--+--+--+--+--+--+--+--+--+--+--+
|23|23|25|30|31|26|20|22|19|23|22|25|22|33|23|30|21|31|23|22|18|29|21|23|28|
+--+--+--+--+--+--+--+--+--+--+--+--+--+--+--+--+--+--+--+--+--+--+--+--+--+
|33|31|31|18|18|25|30|32|19|24|28|33|28|30|20|30|31|21|23|23|29|20|22|30|33|
+--+--+--+--+--+--+--+--+--+--+--+--+--+--+--+--+--+--+--+--+--+--+--+--+--+

Periodo 5
+--+--+--+--+--+--+--+--+--+--+--+--+--+--+--+--+--+--+--+--+--+--+--+--+--+
|28|32|31|32|30|24|24|29|29|26|27|32|30|20|29|24|34|34|31|23|26|20|32|33|28|
+--+--+--+--+--+--+--+--+--+--+--+--+--+--+--+--+--+--+--+--+--+--+--+--+--+
|31|31|20|26|19|20|26|32|30|24|19|25|30|28|23|34|30|25|30|27|27|21|19|31|28|
+--+--+--+--+--+--+--+--+--+--+--+--+--+--+--+--+--+--+--+--+--+--+--+--+--+
|27|30|21|22|32|34|34|31|33|29|26|31|25|26|31|33|33|30|28|34|23|33|34|29|22|
+--+--+--+--+--+--+--+--+--+--+--+--+--+--+--+--+--+--+--+--+--+--+--+--+--+
|21|27|30|29|23|32|24|29|31|19|33|23|30|31|20|24|32|24|25|20|33|33|32|25|33|
+--+--+--+--+--+--+--+--+--+--+--+--+--+--+--+--+--+--+--+--+--+--+--+--+--+
|00|28|26|00|20|31|28|27|20|26|31|31|21|26|23|20|32|34|22|34|00|25|30|23|29|
+--+--+--+--+--+--+--+--+--+--+--+--+--+--+--+--+--+--+--+--+--+--+--+--+--+
|30|31|27|31|30|24|20|31|24|33|20|22|19|27|34|28|22|20|24|29|22|28|29|32|21|
+--+--+--+--+--+--+--+--+--+--+--+--+--+--+--+--+--+--+--+--+--+--+--+--+--+
|34|30|25|20|29|32|24|26|34|32|19|21|21|24|28|25|26|31|32|28|29|29|33|31|28|
+--+--+--+--+--+--+--+--+--+--+--+--+--+--+--+--+--+--+--+--+--+--+--+--+--+
|21|31|31|24|29|27|27|30|22|27|21|19|27|31|21|34|32|31|20|20|26|34|32|24|23|
+--+--+--+--+--+--+--+--+--+--+--+--+--+--+--+--+--+--+--+--+--+--+--+--+--+
|31|27|24|32|31|20|00|32|26|34|31|24|23|31|26|00|23|34|21|24|25|33|26|30|33|
+--+--+--+--+--+--+--+--+--+--+--+--+--+--+--+--+--+--+--+--+--+--+--+--+--+
|24|32|25|27|24|23|25|34|28|20|28|28|21|27|21|29|33|22|27|29|28|27|28|26|34|
+--+--+--+--+--+--+--+--+--+--+--+--+--+--+--+--+--+--+--+--+--+--+--+--+--+
|21|33|27|22|30|31|26|00|29|27|20|24|33|24|21|20|34|29|25|27|00|33|26|21|21|
+--+--+--+--+--+--+--+--+--+--+--+--+--+--+--+--+--+--+--+--+--+--+--+--+--+
|31|25|28|30|34|27|26|20|24|21|28|32|21|29|26|27|33|19|26|34|30|31|29|27|19|
+--+--+--+--+--+--+--+--+--+--+--+--+--+--+--+--+--+--+--+--+--+--+--+--+--+
|29|26|26|27|25|20|30|32|33|21|29|27|22|29|27|19|31|27|19|27|26|25|33|26|26|
+--+--+--+--+--+--+--+--+--+--+--+--+--+--+--+--+--+--+--+--+--+--+--+--+--+
|26|32|19|28|34|27|33|26|25|34|33|32|32|30|29|28|21|19|24|23|32|28|25|34|00|
+--+--+--+--+--+--+--+--+--+--+--+--+--+--+--+--+--+--+--+--+--+--+--+--+--+
|32|19|28|23|26|25|27|19|26|30|32|27|32|24|25|33|32|23|20|22|19|33|19|30|33|
+--+--+--+--+--+--+--+--+--+--+--+--+--+--+--+--+--+--+--+--+--+--+--+--+--+
|21|25|33|24|31|29|22|29|34|20|34|29|29|30|26|31|33|24|26|34|24|22|25|28|19|
+--+--+--+--+--+--+--+--+--+--+--+--+--+--+--+--+--+--+--+--+--+--+--+--+--+
|00|23|19|20|21|19|20|22|34|27|33|34|19|26|31|28|24|34|32|26|21|26|20|34|21|
+--+--+--+--+--+--+--+--+--+--+--+--+--+--+--+--+--+--+--+--+--+--+--+--+--+
|26|20|20|26|32|19|21|23|22|27|19|30|20|21|20|26|25|19|23|25|33|28|32|27|24|
+--+--+--+--+--+--+--+--+--+--+--+--+--+--+--+--+--+--+--+--+--+--+--+--+--+
|33|31|32|19|23|28|28|22|29|23|26|32|21|28|28|20|27|31|29|28|34|26|34|28|19|
+--+--+--+--+--+--+--+--+--+--+--+--+--+--+--+--+--+--+--+--+--+--+--+--+--+
|21|20|21|23|22|32|25|20|25|19|20|19|24|24|00|26|28|20|34|19|24|20|28|19|27|
+--+--+--+--+--+--+--+--+--+--+--+--+--+--+--+--+--+--+--+--+--+--+--+--+--+
|19|25|33|31|22|30|26|33|30|28|30|27|30|27|27|19|22|27|21|28|22|32|33|27|26|
+--+--+--+--+--+--+--+--+--+--+--+--+--+--+--+--+--+--+--+--+--+--+--+--+--+
|32|20|32|27|19|28|21|27|33|20|22|19|25|19|29|29|33|30|29|23|33|27|22|33|29|
+--+--+--+--+--+--+--+--+--+--+--+--+--+--+--+--+--+--+--+--+--+--+--+--+--+
|34|20|21|24|24|22|30|19|28|26|23|31|27|19|32|22|30|23|25|24|20|19|23|34|31|
+--+--+--+--+--+--+--+--+--+--+--+--+--+--+--+--+--+--+--+--+--+--+--+--+--+
|24|24|26|31|32|27|21|23|00|24|23|26|23|34|24|31|22|32|00|23|19|30|22|24|29|
+--+--+--+--+--+--+--+--+--+--+--+--+--+--+--+--+--+--+--+--+--+--+--+--+--+
|34|32|32|19|19|26|31|33|20|25|29|34|29|31|21|31|32|22|24|24|30|21|23|31|34|
+--+--+--+--+--+--+--+--+--+--+--+--+--+--+--+--+--+--+--+--+--+--+--+--+--+

Periodo 6
+--+--+--+--+--+--+--+--+--+--+--+--+--+--+--+--+--+--+--+--+--+--+--+--+--+
|29|33|32|33|31|25|25|30|30|27|28|33|31|21|30|25|35|35|32|24|27|21|33|34|29|
+--+--+--+--+--+--+--+--+--+--+--+--+--+--+--+--+--+--+--+--+--+--+--+--+--+
|32|32|21|27|20|21|27|33|31|25|20|26|31|29|24|35|31|26|31|28|28|22|20|32|29|
+--+--+--+--+--+--+--+--+--+--+--+--+--+--+--+--+--+--+--+--+--+--+--+--+--+
|28|31|22|23|33|00|35|32|34|30|27|32|26|27|32|34|34|00|29|35|24|34|35|30|00|
+--+--+--+--+--+--+--+--+--+--+--+--+--+--+--+--+--+--+--+--+--+--+--+--+--+
|22|28|31|30|24|33|25|30|32|20|34|24|31|32|21|25|33|25|26|21|34|34|33|26|34|
+--+--+--+--+--+--+--+--+--+--+--+--+--+--+--+--+--+--+--+--+--+--+--+--+--+
|01|29|27|01|21|32|29|28|21|27|32|32|22|27|24|21|33|35|23|35|01|26|31|24|30|
+--+--+--+--+--+--+--+--+--+--+--+--+--+--+--+--+--+--+--+--+--+--+--+--+--+
|31|32|28|32|31|25|21|32|25|34|21|23|20|28|35|29|23|21|25|30|23|29|30|33|22|
+--+--+--+--+--+--+--+--+--+--+--+--+--+--+--+--+--+--+--+--+--+--+--+--+--+
|35|31|26|21|30|33|25|27|35|33|20|22|22|25|29|26|27|32|33|29|30|30|34|32|29|
+--+--+--+--+--+--+--+--+--+--+--+--+--+--+--+--+--+--+--+--+--+--+--+--+--+
|22|32|32|25|30|28|28|31|23|28|22|00|28|32|22|35|33|32|21|21|27|35|33|25|24|
+--+--+--+--+--+--+--+--+--+--+--+--+--+--+--+--+--+--+--+--+--+--+--+--+--+
|32|28|25|33|32|21|01|33|27|35|32|25|24|32|27|01|24|35|22|25|26|00|27|31|34|
+--+--+--+--+--+--+--+--+--+--+--+--+--+--+--+--+--+--+--+--+--+--+--+--+--+
|25|33|26|28|25|24|26|35|29|21|29|29|22|28|22|30|34|23|28|30|29|28|29|27|35|
+--+--+--+--+--+--+--+--+--+--+--+--+--+--+--+--+--+--+--+--+--+--+--+--+--+
|22|34|28|23|31|32|27|01|30|28|21|25|34|25|22|21|35|30|26|28|01|34|27|22|22|
+--+--+--+--+--+--+--+--+--+--+--+--+--+--+--+--+--+--+--+--+--+--+--+--+--+
|32|26|29|31|35|28|27|21|25|22|29|33|22|30|27|28|34|20|27|35|31|32|30|28|20|
+--+--+--+--+--+--+--+--+--+--+--+--+--+--+--+--+--+--+--+--+--+--+--+--+--+
|30|27|27|28|26|21|31|33|34|22|30|28|23|30|00|20|32|28|00|28|27|26|34|27|27|
+--+--+--+--+--+--+--+--+--+--+--+--+--+--+--+--+--+--+--+--+--+--+--+--+--+
|27|33|20|29|35|28|34|27|26|35|34|33|33|31|30|29|22|20|25|24|33|29|26|35|01|
+--+--+--+--+--+--+--+--+--+--+--+--+--+--+--+--+--+--+--+--+--+--+--+--+--+
|33|20|29|24|27|26|28|20|27|31|33|28|33|25|26|34|33|24|21|23|20|34|20|31|34|
+--+--+--+--+--+--+--+--+--+--+--+--+--+--+--+--+--+--+--+--+--+--+--+--+--+
|22|26|34|25|32|30|23|30|35|21|35|30|30|31|27|32|34|25|27|35|25|23|26|29|20|
+--+--+--+--+--+--+--+--+--+--+--+--+--+--+--+--+--+--+--+--+--+--+--+--+--+
|01|24|20|21|22|20|21|23|35|28|34|35|20|27|32|29|25|35|33|27|22|27|21|35|22|
+--+--+--+--+--+--+--+--+--+--+--+--+--+--+--+--+--+--+--+--+--+--+--+--+--+
|27|21|21|00|33|20|22|24|23|28|20|31|21|22|21|27|26|20|24|26|34|29|33|28|25|
+--+--+--+--+--+--+--+--+--+--+--+--+--+--+--+--+--+--+--+--+--+--+--+--+--+
|34|32|33|20|24|29|29|23|30|24|27|33|00|29|29|21|28|32|30|29|35|27|35|29|20|
+--+--+--+--+--+--+--+--+--+--+--+--+--+--+--+--+--+--+--+--+--+--+--+--+--+
|22|21|22|24|23|33|26|21|26|20|21|20|25|25|01|27|29|21|35|20|25|21|29|20|28|
+--+--+--+--+--+--+--+--+--+--+--+--+--+--+--+--+--+--+--+--+--+--+--+--+--+
|20|26|34|32|23|31|27|34|31|00|31|28|31|28|28|20|23|28|22|29|23|33|34|28|27|
+--+--+--+--+--+--+--+--+--+--+--+--+--+--+--+--+--+--+--+--+--+--+--+--+--+
|33|21|33|28|20|29|22|28|34|21|23|20|26|20|30|30|34|31|30|24|34|28|23|34|30|
+--+--+--+--+--+--+--+--+--+--+--+--+--+--+--+--+--+--+--+--+--+--+--+--+--+
|35|21|22|25|25|23|31|20|29|27|24|32|28|20|33|23|31|24|26|25|21|20|24|35|32|
+--+--+--+--+--+--+--+--+--+--+--+--+--+--+--+--+--+--+--+--+--+--+--+--+--+
|25|25|27|32|33|28|22|24|01|25|24|27|24|35|25|32|23|33|01|24|20|31|23|25|30|
+--+--+--+--+--+--+--+--+--+--+--+--+--+--+--+--+--+--+--+--+--+--+--+--+--+
|35|33|33|20|20|27|32|34|21|26|30|35|30|32|22|32|33|23|25|25|31|22|24|32|35|
+--+--+--+--+--+--+--+--+--+--+--+--+--+--+--+--+--+--+--+--+--+--+--+--+--+

Periodo 7
+--+--+--+--+--+--+--+--+--+--+--+--+--+--+--+--+--+--+--+--+--+--+--+--+--+
|30|34|33|34|32|26|26|31|31|28|29|34|32|22|31|26|36|36|33|25|28|22|34|35|30|
+--+--+--+--+--+--+--+--+--+--+--+--+--+--+--+--+--+--+--+--+--+--+--+--+--+
|00|00|00|00|00|22|00|00|00|00|00|00|00|00|00|00|00|27|00|00|00|00|00|00|30|
+--+--+--+--+--+--+--+--+--+--+--+--+--+--+--+--+--+--+--+--+--+--+--+--+--+
|29|32|23|24|34|01|36|33|35|31|28|33|27|28|33|35|35|01|30|36|25|35|36|31|01|
+--+--+--+--+--+--+--+--+--+--+--+--+--+--+--+--+--+--+--+--+--+--+--+--+--+
|23|00|00|31|00|34|00|00|00|00|00|00|00|33|00|00|00|26|00|00|35|00|00|00|35|
+--+--+--+--+--+--+--+--+--+--+--+--+--+--+--+--+--+--+--+--+--+--+--+--+--+
|02|30|28|02|22|00|30|29|22|28|33|33|23|00|25|22|34|00|24|36|02|27|32|25|00|
+--+--+--+--+--+--+--+--+--+--+--+--+--+--+--+--+--+--+--+--+--+--+--+--+--+
|32|00|00|33|00|26|00|00|00|00|00|24|00|29|00|00|00|22|00|00|24|00|00|00|23|
+--+--+--+--+--+--+--+--+--+--+--+--+--+--+--+--+--+--+--+--+--+--+--+--+--+
|00|32|27|00|31|00|26|28|36|34|21|23|23|00|30|27|28|00|34|30|00|31|35|33|00|
+--+--+--+--+--+--+--+--+--+--+--+--+--+--+--+--+--+--+--+--+--+--+--+--+--+
|23|00|00|26|00|29|29|00|00|00|00|01|00|33|00|36|00|33|00|00|28|36|00|00|25|
+--+--+--+--+--+--+--+--+--+--+--+--+--+--+--+--+--+--+--+--+--+--+--+--+--+
|00|29|26|00|33|00|02|34|28|36|33|26|25|00|28|02|25|00|23|26|27|01|28|32|35|
+--+--+--+--+--+--+--+--+--+--+--+--+--+--+--+--+--+--+--+--+--+--+--+--+--+
|26|00|00|29|00|25|27|36|00|00|00|00|00|29|00|31|00|24|00|00|30|29|00|00|36|
+--+--+--+--+--+--+--+--+--+--+--+--+--+--+--+--+--+--+--+--+--+--+--+--+--+
|00|35|29|00|32|33|00|02|31|29|22|26|35|00|23|00|36|00|27|29|02|00|28|23|00|
+--+--+--+--+--+--+--+--+--+--+--+--+--+--+--+--+--+--+--+--+--+--+--+--+--+
|33|00|30|32|00|00|28|22|00|00|00|00|00|31|28|29|00|21|28|00|32|33|00|00|21|
+--+--+--+--+--+--+--+--+--+--+--+--+--+--+--+--+--+--+--+--+--+--+--+--+--+
|00|28|28|00|27|22|00|00|35|23|31|29|24|00|01|00|33|00|01|29|00|00|35|28|28|
+--+--+--+--+--+--+--+--+--+--+--+--+--+--+--+--+--+--+--+--+--+--+--+--+--+
|28|00|00|30|00|00|35|28|00|00|00|00|00|32|31|30|00|21|26|00|34|30|00|00|02|
+--+--+--+--+--+--+--+--+--+--+--+--+--+--+--+--+--+--+--+--+--+--+--+--+--+
|34|21|30|00|28|27|00|00|28|32|34|29|34|00|00|00|34|00|00|24|21|00|21|32|35|
+--+--+--+--+--+--+--+--+--+--+--+--+--+--+--+--+--+--+--+--+--+--+--+--+--+
|23|00|00|26|33|00|24|31|00|00|00|31|00|32|28|33|00|26|28|00|00|24|00|00|00|
+--+--+--+--+--+--+--+--+--+--+--+--+--+--+--+--+--+--+--+--+--+--+--+--+--+
|02|25|21|22|00|21|00|00|36|29|35|00|21|00|00|00|26|00|00|28|23|00|22|36|23|
+--+--+--+--+--+--+--+--+--+--+--+--+--+--+--+--+--+--+--+--+--+--+--+--+--+
|28|00|22|01|34|00|23|25|00|00|00|32|22|23|22|28|00|21|25|00|00|30|00|29|00|
+--+--+--+--+--+--+--+--+--+--+--+--+--+--+--+--+--+--+--+--+--+--+--+--+--+
|00|33|00|21|00|30|00|00|31|25|28|00|01|00|30|00|29|33|00|30|36|00|36|00|21|
+--+--+--+--+--+--+--+--+--+--+--+--+--+--+--+--+--+--+--+--+--+--+--+--+--+
|23|00|23|00|24|00|27|22|00|21|00|21|26|26|02|28|00|00|36|00|00|22|00|21|00|
+--+--+--+--+--+--+--+--+--+--+--+--+--+--+--+--+--+--+--+--+--+--+--+--+--+
|00|27|35|33|00|32|00|00|32|01|32|00|00|00|29|00|24|29|00|30|24|00|35|00|28|
+--+--+--+--+--+--+--+--+--+--+--+--+--+--+--+--+--+--+--+--+--+--+--+--+--+
|34|00|00|00|21|00|23|29|35|22|00|21|27|21|00|31|00|00|31|00|00|29|00|35|00|
+--+--+--+--+--+--+--+--+--+--+--+--+--+--+--+--+--+--+--+--+--+--+--+--+--+
|00|22|23|26|00|24|00|00|30|00|25|00|00|00|34|00|32|25|27|26|22|00|25|00|33|
+--+--+--+--+--+--+--+--+--+--+--+--+--+--+--+--+--+--+--+--+--+--+--+--+--+
|26|00|00|00|34|00|23|25|02|26|00|28|25|36|00|33|00|00|02|00|00|32|00|26|00|
+--+--+--+--+--+--+--+--+--+--+--+--+--+--+--+--+--+--+--+--+--+--+--+--+--+
|00|34|34|21|00|28|00|00|22|00|31|36|31|33|23|00|34|24|26|26|32|00|25|00|36|
+--+--+--+--+--+--+--+--+--+--+--+--+--+--+--+--+--+--+--+--+--+--+--+--+--+

Periodo 8
+--+--+--+--+--+--+--+--+--+--+--+--+--+--+--+--+--+--+--+--+--+--+--+--+--+
|31|35|34|35|33|27|27|32|32|29|30|35|33|23|32|27|37|37|34|26|29|23|35|36|31|
+--+--+--+--+--+--+--+--+--+--+--+--+--+--+--+--+--+--+--+--+--+--+--+--+--+
|01|01|01|01|01|23|01|01|01|01|01|01|01|01|01|01|01|28|01|01|01|01|01|01|31|
+--+--+--+--+--+--+--+--+--+--+--+--+--+--+--+--+--+--+--+--+--+--+--+--+--+
|30|33|24|25|35|02|37|34|36|32|29|34|28|29|34|36|36|02|31|37|26|36|37|32|02|
+--+--+--+--+--+--+--+--+--+--+--+--+--+--+--+--+--+--+--+--+--+--+--+--+--+
|00|01|01|00|01|35|01|01|01|01|01|01|01|34|01|01|01|27|01|01|00|01|01|01|36|
+--+--+--+--+--+--+--+--+--+--+--+--+--+--+--+--+--+--+--+--+--+--+--+--+--+
|03|31|29|03|23|01|31|30|23|29|34|34|24|01|26|23|35|01|25|37|03|28|33|26|01|
+--+--+--+--+--+--+--+--+--+--+--+--+--+--+--+--+--+--+--+--+--+--+--+--+--+
|33|01|01|34|01|27|01|01|01|01|01|00|01|30|01|01|01|23|01|01|25|01|01|01|24|
+--+--+--+--+--+--+--+--+--+--+--+--+--+--+--+--+--+--+--+--+--+--+--+--+--+
|01|33|28|01|32|01|27|29|37|35|22|00|24|01|31|28|29|01|35|31|01|32|36|34|01|
+--+--+--+--+--+--+--+--+--+--+--+--+--+--+--+--+--+--+--+--+--+--+--+--+--+
|24|01|01|27|01|30|00|01|01|01|01|02|01|34|01|00|01|34|01|01|29|37|01|01|26|
+--+--+--+--+--+--+--+--+--+--+--+--+--+--+--+--+--+--+--+--+--+--+--+--+--+
|01|30|27|01|34|01|03|35|29|37|34|27|26|01|29|03|26|01|24|27|28|02|29|33|36|
+--+--+--+--+--+--+--+--+--+--+--+--+--+--+--+--+--+--+--+--+--+--+--+--+--+
|27|01|01|30|01|26|28|00|01|01|01|01|01|30|01|32|01|25|01|01|00|30|01|01|37|
+--+--+--+--+--+--+--+--+--+--+--+--+--+--+--+--+--+--+--+--+--+--+--+--+--+
|01|36|30|01|33|34|01|03|32|30|23|27|36|01|24|01|37|01|28|30|03|01|29|24|01|
+--+--+--+--+--+--+--+--+--+--+--+--+--+--+--+--+--+--+--+--+--+--+--+--+--+
|34|01|31|33|01|01|29|23|01|01|01|01|01|32|29|30|01|22|29|01|33|34|01|01|22|
+--+--+--+--+--+--+--+--+--+--+--+--+--+--+--+--+--+--+--+--+--+--+--+--+--+
|01|29|29|01|28|23|01|01|36|24|32|30|25|01|02|01|34|01|02|30|01|01|36|29|00|
+--+--+--+--+--+--+--+--+--+--+--+--+--+--+--+--+--+--+--+--+--+--+--+--+--+
|29|01|01|31|01|01|36|29|01|01|01|01|01|33|32|31|01|22|27|01|35|31|01|01|03|
+--+--+--+--+--+--+--+--+--+--+--+--+--+--+--+--+--+--+--+--+--+--+--+--+--+
|35|22|31|01|29|28|01|01|29|33|35|30|35|01|01|01|35|01|01|25|22|01|22|33|36|
+--+--+--+--+--+--+--+--+--+--+--+--+--+--+--+--+--+--+--+--+--+--+--+--+--+
|00|01|01|27|34|01|25|32|01|01|01|32|01|33|29|34|01|27|29|01|01|25|01|01|01|
+--+--+--+--+--+--+--+--+--+--+--+--+--+--+--+--+--+--+--+--+--+--+--+--+--+
|03|26|22|23|01|22|01|01|37|30|36|01|22|01|01|01|27|01|01|29|24|01|23|37|24|
+--+--+--+--+--+--+--+--+--+--+--+--+--+--+--+--+--+--+--+--+--+--+--+--+--+
|29|01|23|02|35|01|24|26|01|01|01|33|23|24|23|29|01|22|26|01|01|31|01|30|01|
+--+--+--+--+--+--+--+--+--+--+--+--+--+--+--+--+--+--+--+--+--+--+--+--+--+
|01|34|01|22|01|31|01|01|32|26|29|01|02|01|00|01|30|34|01|31|37|01|37|01|22|
+--+--+--+--+--+--+--+--+--+--+--+--+--+--+--+--+--+--+--+--+--+--+--+--+--+
|24|01|24|01|25|01|28|23|01|22|01|22|27|27|03|29|01|01|37|01|01|23|01|22|01|
+--+--+--+--+--+--+--+--+--+--+--+--+--+--+--+--+--+--+--+--+--+--+--+--+--+
|01|28|36|34|01|33|01|01|33|02|33|01|01|01|30|01|25|30|01|31|25|01|36|01|29|
+--+--+--+--+--+--+--+--+--+--+--+--+--+--+--+--+--+--+--+--+--+--+--+--+--+
|35|01|01|01|22|01|24|30|36|23|01|22|28|22|01|32|01|01|32|01|01|30|01|36|01|
+--+--+--+--+--+--+--+--+--+--+--+--+--+--+--+--+--+--+--+--+--+--+--+--+--+
|01|23|24|27|01|25|01|01|00|01|26|01|01|01|35|01|33|26|00|27|23|01|26|01|34|
+--+--+--+--+--+--+--+--+--+--+--+--+--+--+--+--+--+--+--+--+--+--+--+--+--+
|27|01|01|01|35|01|24|26|03|27|01|29|26|37|01|34|01|01|03|01|01|33|01|27|01|
+--+--+--+--+--+--+--+--+--+--+--+--+--+--+--+--+--+--+--+--+--+--+--+--+--+
|01|35|35|22|01|29|01|01|23|01|32|37|32|34|24|01|35|25|27|27|33|01|26|01|37|
+--+--+--+--+--+--+--+--+--+--+--+--+--+--+--+--+--+--+--+--+--+--+--+--+--+

Periodo 9
+--+--+--+--+--+--+--+--+--+--+--+--+--+--+--+--+--+--+--+--+--+--+--+--+--+
|32|36|35|36|34|28|28|33|33|30|31|36|34|24|33|28|38|38|35|27|30|24|36|37|32|
+--+--+--+--+--+--+--+--+--+--+--+--+--+--+--+--+--+--+--+--+--+--+--+--+--+
|02|02|02|02|02|00|02|02|02|02|02|02|02|02|02|02|02|00|02|02|02|02|02|02|00|
+--+--+--+--+--+--+--+--+--+--+--+--+--+--+--+--+--+--+--+--+--+--+--+--+--+
|31|34|25|26|36|03|38|35|37|33|30|35|29|30|35|37|37|03|32|38|27|37|38|33|03|
+--+--+--+--+--+--+--+--+--+--+--+--+--+--+--+--+--+--+--+--+--+--+--+--+--+
|01|02|02|01|02|36|02|02|02|02|02|02|02|35|02|02|02|28|02|02|01|02|02|02|37|
+--+--+--+--+--+--+--+--+--+--+--+--+--+--+--+--+--+--+--+--+--+--+--+--+--+
|04|32|30|04|24|02|32|31|24|30|35|35|25|02|27|24|36|02|26|38|04|29|34|27|02|
+--+--+--+--+--+--+--+--+--+--+--+--+--+--+--+--+--+--+--+--+--+--+--+--+--+
|34|02|02|35|02|28|02|02|02|02|02|01|02|31|02|02|02|24|02|02|26|02|02|02|25|
+--+--+--+--+--+--+--+--+--+--+--+--+--+--+--+--+--+--+--+--+--+--+--+--+--+
|02|34|29|02|33|02|28|30|38|36|23|01|25|02|32|29|30|02|36|32|02|33|37|35|02|
+--+--+--+--+--+--+--+--+--+--+--+--+--+--+--+--+--+--+--+--+--+--+--+--+--+
|25|02|02|28|02|31|01|02|02|02|02|03|02|35|02|01|02|35|02|02|30|00|02|02|27|
+--+--+--+--+--+--+--+--+--+--+--+--+--+--+--+--+--+--+--+--+--+--+--+--+--+
|02|31|28|02|35|02|04|36|30|38|35|28|27|02|30|04|27|02|25|28|29|03|30|34|37|
+--+--+--+--+--+--+--+--+--+--+--+--+--+--+--+--+--+--+--+--+--+--+--+--+--+
|28|02|02|31|02|27|29|01|02|02|02|02|02|31|02|33|02|26|02|02|01|31|02|02|38|
+--+--+--+--+--+--+--+--+--+--+--+--+--+--+--+--+--+--+--+--+--+--+--+--+--+
|02|37|31|02|34|35|02|04|33|31|24|28|37|02|25|02|38|02|29|31|04|02|30|25|02|
+--+--+--+--+--+--+--+--+--+--+--+--+--+--+--+--+--+--+--+--+--+--+--+--+--+
|35|02|00|34|02|02|30|24|02|02|02|02|02|33|00|31|02|23|00|02|34|35|02|02|23|
+--+--+--+--+--+--+--+--+--+--+--+--+--+--+--+--+--+--+--+--+--+--+--+--+--+
|02|30|30|02|29|24|02|02|37|25|33|31|26|02|03|02|35|02|03|31|02|02|37|30|01|
+--+--+--+--+--+--+--+--+--+--+--+--+--+--+--+--+--+--+--+--+--+--+--+--+--+
|30|02|02|32|02|02|37|30|02|02|02|02|02|34|33|32|02|23|28|02|36|32|02|02|04|
+--+--+--+--+--+--+--+--+--+--+--+--+--+--+--+--+--+--+--+--+--+--+--+--+--+
|36|23|32|02|30|29|02|02|30|34|36|31|36|02|02|02|36|02|02|26|23|02|23|34|37|
+--+--+--+--+--+--+--+--+--+--+--+--+--+--+--+--+--+--+--+--+--+--+--+--+--+
|01|02|02|28|35|02|26|33|02|02|02|33|02|34|30|35|02|28|30|02|02|26|02|02|02|
+--+--+--+--+--+--+--+--+--+--+--+--+--+--+--+--+--+--+--+--+--+--+--+--+--+
|04|27|23|00|02|23|02|02|38|31|37|02|23|02|02|02|28|02|02|30|25|02|24|38|25|
+--+--+--+--+--+--+--+--+--+--+--+--+--+--+--+--+--+--+--+--+--+--+--+--+--+
|30|02|24|03|36|02|25|27|02|02|02|34|00|25|24|30|02|23|27|02|02|32|02|31|02|
+--+--+--+--+--+--+--+--+--+--+--+--+--+--+--+--+--+--+--+--+--+--+--+--+--+
|02|35|02|23|02|32|02|02|33|27|30|02|03|02|01|02|31|35|02|32|38|02|38|02|23|
+--+--+--+--+--+--+--+--+--+--+--+--+--+--+--+--+--+--+--+--+--+--+--+--+--+
|25|02|25|02|26|02|29|24|02|00|02|23|28|28|04|30|02|02|38|02|02|24|02|23|02|
+--+--+--+--+--+--+--+--+--+--+--+--+--+--+--+--+--+--+--+--+--+--+--+--+--+
|02|29|00|35|02|34|02|02|34|03|34|02|02|02|31|02|26|31|02|32|26|02|37|02|30|
+--+--+--+--+--+--+--+--+--+--+--+--+--+--+--+--+--+--+--+--+--+--+--+--+--+
|36|02|02|02|23|02|25|31|00|24|02|23|29|23|02|33|02|02|33|02|02|31|02|37|02|
+--+--+--+--+--+--+--+--+--+--+--+--+--+--+--+--+--+--+--+--+--+--+--+--+--+
|02|24|25|28|02|26|02|02|01|02|27|02|02|02|36|02|34|27|01|28|24|02|27|02|35|
+--+--+--+--+--+--+--+--+--+--+--+--+--+--+--+--+--+--+--+--+--+--+--+--+--+
|28|02|02|02|36|02|25|27|04|28|02|30|27|38|02|35|02|02|04|02|02|34|02|28|02|
+--+--+--+--+--+--+--+--+--+--+--+--+--+--+--+--+--+--+--+--+--+--+--+--+--+
|02|36|36|23|02|30|02|02|24|02|33|38|33|00|25|02|36|26|28|28|34|02|27|02|38|
+--+--+--+--+--+--+--+--+--+--+--+--+--+--+--+--+--+--+--+--+--+--+--+--+--+

Periodo 10
+--+--+--+--+--+--+--+--+--+--+--+--+--+--+--+--+--+--+--+--+--+--+--+--+--+
|00|00|00|00|00|00|00|00|00|00|00|00|00|00|00|00|00|00|00|00|00|00|00|00|00|
+--+--+--+--+--+--+--+--+--+--+--+--+--+--+--+--+--+--+--+--+--+--+--+--+--+
|03|03|03|03|03|01|03|03|03|03|03|03|03|03|03|03|03|01|03|03|03|03|03|03|01|
+--+--+--+--+--+--+--+--+--+--+--+--+--+--+--+--+--+--+--+--+--+--+--+--+--+
|00|00|00|00|00|04|00|00|00|00|00|00|00|00|00|00|00|04|00|00|00|00|00|00|04|
+--+--+--+--+--+--+--+--+--+--+--+--+--+--+--+--+--+--+--+--+--+--+--+--+--+
|02|03|03|02|03|00|03|03|03|03|03|03|03|00|03|03|03|00|03|03|02|03|03|03|00|
+--+--+--+--+--+--+--+--+--+--+--+--+--+--+--+--+--+--+--+--+--+--+--+--+--+
|05|00|00|05|00|03|00|00|00|00|00|00|00|03|00|00|00|03|00|00|05|00|00|00|03|
+--+--+--+--+--+--+--+--+--+--+--+--+--+--+--+--+--+--+--+--+--+--+--+--+--+
|00|03|03|00|03|00|03|03|03|03|03|02|03|00|03|03|03|00|03|03|00|03|03|03|00|
+--+--+--+--+--+--+--+--+--+--+--+--+--+--+--+--+--+--+--+--+--+--+--+--+--+
|03|00|00|03|00|03|00|00|00|00|00|02|00|03|00|00|00|03|00|00|03|00|00|00|03|
+--+--+--+--+--+--+--+--+--+--+--+--+--+--+--+--+--+--+--+--+--+--+--+--+--+
|00|03|03|00|03|00|02|03|03|03|03|04|03|00|03|02|03|00|03|03|00|01|03|03|00|
+--+--+--+--+--+--+--+--+--+--+--+--+--+--+--+--+--+--+--+--+--+--+--+--+--+
|03|00|00|03|00|03|05|00|00|00|00|00|00|03|00|05|00|03|00|00|00|04|00|00|00|
+--+--+--+--+--+--+--+--+--+--+--+--+--+--+--+--+--+--+--+--+--+--+--+--+--+
|00|03|03|00|03|00|00|02|03|03|03|03|03|00|03|00|03|00|03|03|02|00|03|03|00|
+--+--+--+--+--+--+--+--+--+--+--+--+--+--+--+--+--+--+--+--+--+--+--+--+--+
|03|00|00|03|00|00|03|05|00|00|00|00|00|03|00|03|00|03|00|00|05|03|00|00|03|
+--+--+--+--+--+--+--+--+--+--+--+--+--+--+--+--+--+--+--+--+--+--+--+--+--+
|00|03|01|00|03|03|00|00|03|03|03|03|03|00|01|00|03|00|01|03|00|00|03|03|00|
+--+--+--+--+--+--+--+--+--+--+--+--+--+--+--+--+--+--+--+--+--+--+--+--+--+
|03|00|00|03|00|00|03|03|00|00|00|00|00|03|04|03|00|03|04|00|03|03|00|00|02|
+--+--+--+--+--+--+--+--+--+--+--+--+--+--+--+--+--+--+--+--+--+--+--+--+--+
|00|03|03|00|03|03|00|00|03|03|03|03|03|00|00|00|03|00|00|03|00|00|03|03|05|
+--+--+--+--+--+--+--+--+--+--+--+--+--+--+--+--+--+--+--+--+--+--+--+--+--+
|00|00|00|03|00|00|03|03|00|00|00|00|00|03|03|03|00|03|03|00|00|03|00|00|00|
+--+--+--+--+--+--+--+--+--+--+--+--+--+--+--+--+--+--+--+--+--+--+--+--+--+
|02|03|03|00|00|03|00|00|03|03|03|00|03|00|00|00|03|00|00|03|03|00|03|03|03|
+--+--+--+--+--+--+--+--+--+--+--+--+--+--+--+--+--+--+--+--+--+--+--+--+--+
|05|00|00|01|03|00|03|03|00|00|00|03|00|03|03|03|00|03|03|00|00|03|00|00|00|
+--+--+--+--+--+--+--+--+--+--+--+--+--+--+--+--+--+--+--+--+--+--+--+--+--+
|00|03|00|04|00|03|00|00|03|03|03|00|01|00|00|00|03|00|00|03|03|00|03|00|03|
+--+--+--+--+--+--+--+--+--+--+--+--+--+--+--+--+--+--+--+--+--+--+--+--+--+
|03|00|03|00|03|00|03|03|00|00|00|03|04|03|02|03|00|00|03|00|00|03|00|03|00|
+--+--+--+--+--+--+--+--+--+--+--+--+--+--+--+--+--+--+--+--+--+--+--+--+--+
|00|03|00|03|00|03|00|00|03|01|03|00|00|00|05|00|03|03|00|03|03|00|03|00|03|
+--+--+--+--+--+--+--+--+--+--+--+--+--+--+--+--+--+--+--+--+--+--+--+--+--+
|03|00|01|00|03|00|03|03|00|04|00|03|03|03|00|03|00|00|03|00|00|03|00|03|00|
+--+--+--+--+--+--+--+--+--+--+--+--+--+--+--+--+--+--+--+--+--+--+--+--+--+
|00|03|03|03|00|03|00|00|01|00|03|00|00|00|03|00|03|03|00|03|03|00|03|00|03|
+--+--+--+--+--+--+--+--+--+--+--+--+--+--+--+--+--+--+--+--+--+--+--+--+--+
|03|00|00|00|03|00|03|03|02|03|00|03|03|03|00|03|00|00|02|00|00|03|00|03|00|
+--+--+--+--+--+--+--+--+--+--+--+--+--+--+--+--+--+--+--+--+--+--+--+--+--+
|00|03|03|03|00|03|00|00|05|00|03|00|00|00|03|00|03|03|05|03|03|00|03|00|03|
+--+--+--+--+--+--+--+--+--+--+--+--+--+--+--+--+--+--+--+--+--+--+--+--+--+
|03|00|00|00|03|00|03|03|00|03|00|00|00|01|00|03|00|00|00|00|00|03|00|03|00|
+--+--+--+--+--+--+--+--+--+--+--+--+--+--+--+--+--+--+--+--+--+--+--+--+--+

Mejor solución: 54510484.85
[0m[[0m[32msuccess[0m] [0m[0mTotal time: 1019 s, completed May 25, 2018 6:29:42 AM[0m
