1	54615909.73
2	54531628.12
3	54487492.15
4	54473196.54
5	54465012.21
6	54542253.15
7	54296553.74
8	54275524.46
9	54625821.80
10	54788622.64
11	54455387.08
12	54625335.38
13	54285751.70
14	54393100.48
15	54365323.95
16	54678828.04
17	54423289.15
18	54459487.53
19	54623398.73
20	54670718.91
21	54648067.78
22	54315818.15
23	54604284.34
24	54677706.99
25	54289776.48
26	54523922.12
27	54352930.42
28	54624238.69
29	54476079.49
30	54508630.47
31	54438121.87
32	54478973.21
33	54484027.31
34	54623338.55
35	54401322.04
36	54538776.42
37	54798367.52
38	54657221.00
39	54268776.52
40	54460464.34
41	54312810.60
42	54777975.89
43	54197635.11
44	54583936.66
45	54681309.59
46	54287687.64
47	54637981.80
48	54604694.92
49	54671352.21
50	54562790.12
51	54207961.50
52	54427696.08
53	54607553.79
54	54490783.78
55	54402639.05
56	54417193.06
57	54403052.74
58	54614217.83
59	
60	54484662.79
61	54546898.93
62	54398896.20
63	54503066.09
64	54661515.06
65	54497042.65
66	54424004.40
67	54285421.09
68	54139499.61
69	54848067.01
70	54540234.41
71	54360579.20
72	54538039.77
73	54793392.06
74	54562151.63
75	54312154.10
76	54351374.94
77	54467046.11
78	54320991.54
79	54418629.45
80	54463970.77
81	54360906.93
82	54468083.12
83	54368808.13
84	54625888.80
85	54200258.63
86	54579778.06
87	54660485.66
88	54267784.04
89	54398544.86
90	54781841.78
91	54545868.95
92	54514354.11
93	54629452.39
94	54286690.10
95	54471235.77
96	54389533.07
97	54532169.14
98	54505667.60
99	54372291.58
100	54544450.55
101	54445647.32
102	54532677.15
103	54559962.75
104	54609381.41
105	54571857.70
106	54272734.83
107	54447177.87
108	54610312.34
109	54782212.55
110	54578734.75
111	54572768.89
112	54480019.81
113	54479381.40
114	54637893.41
115	54282081.81
116	54877685.82
117	54674685.51
118	54533603.38
119	54472920.76
120	54550864.69
121	54714642.40
122	54145592.10
123	54562810.96
124	54360481.52
125	54302047.99
126	54275216.54
127	54573290.28
128	54300946.52
129	54518560.52
130	54656452.64
131	54342674.66
132	54663066.18
133	54373562.39
134	54464045.03
135	54649304.62
136	54596290.30
137	54508373.09
138	54609105.33
139	54727916.36
140	54358676.61
141	54252258.06
142	54456882.54
143	54494962.85
144	54386282.29
145	54493822.01
146	54633066.03
147	54350244.89
148	54354357.02
149	54420510.42
150	54553307.02
151	
152	54337344.05
153	54791725.29
154	54379128.01
155	54328676.62
156	54467504.16
157	54556976.62
158	54376773.64
159	54609211.57
160	54424224.76
161	54464876.65
162	54710870.47
163	54553591.43
164	54316811.86
165	54585477.96
166	54451416.95
167	54052346.20
168	54528987.17
169	54319409.09
170	54683922.49
171	54531613.91
172	54623279.50
173	54477550.42
174	54397116.84
175	54446432.26
176	54628868.34
177	54479790.68
178	54763845.09
179	
180	54723728.09
181	54728388.15
182	54463805.59
183	54477809.56
184	54670661.27
185	54205559.75
186	54709433.12
187	54726856.10
188	54174392.34
189	54332288.56
190	54424243.41
191	54220386.92
192	54469690.23
193	54500240.83
194	54549093.56
195	54466702.90
196	54495985.45
197	54500549.63
198	54573862.99
199	54199339.39
200	54470074.46
201	54580446.00
202	54631188.98
203	54485070.99
204	54597362.77
205	53974958.15
206	54629306.15
207	54573726.12
208	54692934.96
209	54617376.99
210	54401546.18
211	54697518.15
212	54785502.23
213	54583276.78
214	54185756.60
215	54593547.98
216	54532105.28
217	54447335.78
218	54539406.40
219	54568445.27
220	54463416.91
221	54724600.68
222	54540554.28
223	54410395.49
224	54474978.77
225	54258286.83
226	54583936.51
227	54552149.94
228	54504127.66
229	54451644.77
230	54579690.05
231	54639478.01
232	54634435.36
233	54475446.10
234	54485834.77
235	54417954.54
236	54821354.77
237	54441619.62
238	54404769.07
239	54590878.44
240	54596720.39
241	54393667.88
242	54598321.26
243	54542249.53
244	54490815.19
245	54628550.99
246	54552451.81
247	54567538.09
248	54775942.45
249	54556647.70
250	54575524.39
251	54670749.27
252	54356291.77
253	54654953.18
254	54893125.85
255	54303912.44
256	54811601.59
257	54460774.68
258	54677873.91
259	54482464.00
260	54249720.17
261	54420048.91
262	54611448.89
263	54381234.46
264	54813980.62
265	54525593.53
266	54503948.21
267	54567932.96
268	54375870.59
269	54609572.19
270	54397412.17
271	54500923.02
272	54819469.20
273	54973065.28
274	54610374.87
275	54366524.95
276	54616279.39
277	54521622.77
278	54436190.38
279	54425652.67
280	54442251.56
281	54392624.56
282	54253958.06
283	54513307.49
284	54604350.02
285	54628895.51
286	54409499.95
287	54606841.64
288	54657789.04
289	54337227.43
290	54625090.54
291	54492091.02
292	54643354.83
293	54385680.90
294	54584297.94
295	54567236.88
296	54606343.45
297	54440164.41
298	54573870.42
299	54398881.62
300	54360149.83
301	54623036.05
302	54602511.72
303	54632635.63
304	54790833.61
305	54689740.67
306	54497293.69
307	54462821.78
308	54790960.75
309	54427712.70
310	54664699.96
311	54731266.19
312	54515634.12
313	54673714.04
314	54357634.35
315	54642280.43
316	54704789.68
317	54387920.54
318	54281693.70
319	54764916.61
320	54465563.02
321	54464425.03
322	54384378.99
323	54414516.89
324	54363712.63
325	54314014.30
326	54471454.32
327	54477028.94
328	54525050.26
329	54563023.12
330	54235302.51
331	54470984.22
332	54440706.96
333	54612641.16
334	54643784.91
335	54681225.60
336	54609444.25
337	54632234.56
338	54665346.43
339	54466900.84
340	54328146.14
341	54714164.65
342	54454692.05
343	54641559.55
344	54420419.90
345	54395599.97
346	54660779.65
347	54420667.55
348	54367623.84
349	54491690.20
350	54254226.42
351	54511836.38
352	54450357.37
353	54324706.91
354	54345562.54
355	54628866.57
356	54630114.52
357	54390216.26
358	54511668.59
359	54490620.25
360	54707904.52
361	54652059.11
362	54522374.08
363	54391506.32
364	54676738.16
365	54657372.13
366	54833816.47
367	54377561.19
368	54428379.69
369	54534099.93
370	54745537.03
371	54456341.93
372	54393936.06
373	54420857.35
374	54634098.57
375	54717385.38
376	54387455.03
377	54642052.86
378	54339971.68
379	54876461.76
380	54524355.39
381	54533991.55
382	54500292.74
383	54523981.10
384	54280978.67
385	54486202.12
386	54724685.45
387	54489709.76
388	54144359.83
389	54557705.78
390	54482134.77
391	54576347.11
392	54582127.92
393	54389743.49
394	54699358.55
395	54589258.95
396	54396780.03
397	54697330.45
398	54446995.44
399	54523388.07
400	54421466.46
401	54438355.18
402	54596988.43
403	54416124.08
404	54589192.35
405	54364899.72
406	54396634.25
407	54407285.75
408	54460554.12
409	54581301.83
410	54605273.31
411	54558779.53
412	54421213.44
413	54636099.23
414	54477898.29
415	54414354.58
416	54329742.23
417	54477827.90
418	54507727.27
419	54436514.33
420	54635565.38
421	54702093.58
422	54631480.50
423	54420954.05
424	54580839.18
425	54575891.26
426	54871849.47
427	54362509.67
428	54694368.84
429	54557624.66
430	54572001.33
431	54300916.43
432	54478283.65
433	54667632.95
434	54555699.99
435	54794909.83
436	54386349.00
437	54526552.00
438	54674932.50
439	54578360.11
440	54680045.99
441	54413375.64
442	54424242.34
443	54703443.85
444	54363336.69
445	
446	54241162.68
447	54758061.10
448	54658189.03
449	54460481.27
450	54446840.96
451	54310175.57
452	54236102.99
453	54582273.94
454	54606273.90
455	54667982.92
456	54429163.62
457	54449954.94
458	54508106.25
459	54640669.42
460	54656900.66
461	54512187.80
462	54413268.44
463	54550868.39
464	54826582.26
465	54195438.63
466	54355515.25
467	54855510.07
468	54406351.37
469	54659885.53
470	54353837.65
471	54580527.47
472	54527042.20
473	54494426.83
474	54334715.26
475	54850161.65
476	54706084.84
477	54559984.40
478	54797913.41
479	54406319.06
480	54853560.69
481	54486058.01
482	54411688.46
483	54375848.70
484	54703812.92
485	54428237.23
486	54592682.04
487	54518426.51
488	54366581.77
489	54375464.69
490	54633231.51
491	54405845.93
492	54495152.65
493	54556458.88
494	54580124.66
495	54345649.83
496	54705041.46
497	54800360.15
498	54767806.30
499	54642266.70
500	54570394.04
501	54631310.98
502	54686800.93
503	54636290.98
504	54400183.60
505	54680209.85
506	54528294.22
507	54544598.57
508	54479769.60
509	54491658.06
510	54563257.59
511	54591284.95
512	54425048.88
513	54441646.60
